1044.179203
1044.18368
1044.188135
1044.192568
1044.19698
1044.20137
1044.205738
1044.210085
1044.21441
1044.218713
1044.222995
1044.227255
1044.231493
1044.235709
1044.239904
1044.244077
1044.248228
1044.252358
1044.256466
1044.260552
1044.264616
1044.268659
1044.27268
1044.27668
1044.280657
1044.284613
1044.288548
1044.29246
1044.296351
1044.30022
1044.304067
1044.307893
1044.311697
1044.31548
1044.31924
1044.322979
1044.326696
1044.330392
1044.334065
1044.337718
1044.341348
1044.344957
1044.348544
1044.352109
1044.355652
1044.359174
1044.362674
1044.366153
1044.369609
1044.373044
1044.376458
1044.379849
1044.383219
1044.386567
1044.389894
1044.393199
1044.396482
1044.399743
1044.402983
1044.406201
1044.409397
1044.412572
1044.415724
1044.418856
1044.421965
1044.425053
1044.428119
1044.431163
1044.434186
1044.437187
1044.440166
1044.443123
1044.446059
1044.448973
1044.451865
1044.454736
1044.457585
1044.460412
1044.463218
1044.466002
1044.468764
1044.471504
1044.474223
1044.47692
1044.479595
1044.482249
1044.484881
1044.487491
1044.49008
1044.492646
1044.495191
1044.497715
1044.500217
1044.502696
1044.505155
1044.507591
1044.510006
1044.512399
1044.514771
1044.51712
1044.519448
1044.521755
1044.524039
1044.526302
1044.528543
1044.530763
1044.532961
1044.535137
1044.537291
1044.539424
1044.541535
1044.543624
1044.545692
1044.547738
1044.549762
1044.551764
1044.553745
1044.555704
1044.557641
1044.559557
1044.561451
1044.563323
1044.565173
1044.567002
1044.568809
1044.570595
1044.572358
1044.5741
1044.575821
1044.577519
1044.579196
1044.580851
1044.582485
1044.584096
1044.585686
1044.587255
1044.588801
1044.590326
1044.591829
1044.593311
1044.594771
1044.596209
1044.597625
1044.59902
1044.600393
1044.601744
1044.603074
1044.604381
1044.605668
1044.606932
1044.608175
1044.609396
1044.610595
1044.611773
1044.612929
1044.614063
1044.615175
1044.616266
1044.617335
1044.618383
1044.619408
1044.620412
1044.621395
1044.622355
1044.623294
1044.624211
1044.625107
1044.62598
1044.626832
1044.627663
1044.628471
1044.629258
1044.630023
1044.630767
1044.631489
1044.632189
1044.632867
1044.633524
1044.634159
1044.634772
1044.635364
1044.635934
1044.636482
1044.637008
1044.637513
1044.637996
1044.638457
1044.638897
1044.639315
1044.639711
1044.640086
1044.640438
1044.640769
1044.641079
1044.641366
1044.641632
1044.641877
1044.642099
1044.6423
1044.642479
1044.642637
1044.642773
1044.642887
1044.642979
1044.64305
1044.643098
1044.643126
1044.643131
1044.643115
1044.643077
1044.643017
1044.642936
1044.642833
1044.642708
1044.642562
1044.642394
1044.642204
1044.641992
1044.641759
1044.641504
1044.641228
1044.640929
1044.640609
1044.640267
1044.639904
1044.639519
1044.639112
1044.638683
1044.638233
1044.637761
1044.637267
1044.636752
1044.636215
1044.635656
1044.635075
1044.634473
1044.633849
1044.633203
1044.632536
1044.631847
1044.631136
1044.630404
1044.629649
1044.628873
1044.628076
1044.627257
1044.626416
1044.625553
1044.624668
1044.623762
1044.622834
1044.621885
1044.620914
1044.619921
1044.618906
1044.61787
1044.616812
1044.615732
1044.61463
1044.613507
1044.612362
1044.611196
1044.610007
1044.608797
1044.607566
1044.606312
1044.605037
1044.60374
1044.602422
1044.601081
1044.599719
1044.598336
1044.59693
1044.595503
1044.594055
1044.592584
1044.591092
1044.589578