282;  C:\Dati\SKYRA\test2\00804;  KUSAA;  H50;  2;  2;  83;  1;  2;  185247455000;  20;  -95;  x;  30;  0;  
283;  C:\Dati\SKYRA\test2\00862;  KUSAA;  H50;  2;  2;  85;  2;  2;  185707455000;  20;  -95;  x;  30;  0;  
284;  C:\Dati\SKYRA\test2\00834;  KUSAA;  H50;  2;  2;  85;  2;  1;  185707955000;  20;  -200;  x;  30;  0;  
285;  C:\Dati\SKYRA\test2\00811;  KUSAA;  H51;  2;  2;  83;  1;  2;  185247455000;  20;  -95;  x;  30;  0;  
286;  C:\Dati\SKYRA\test2\00869;  KUSAA;  H51;  2;  2;  85;  2;  2;  185707455000;  20;  -95;  x;  30;  0;  
287;  C:\Dati\SKYRA\test2\00841;  KUSAA;  H51;  2;  2;  85;  2;  1;  185707955000;  20;  -200;  x;  30;  0;  
288;  C:\Dati\SKYRA\test2\00810;  KUSAA;  H52;  2;  2;  83;  1;  2;  185247455000;  20;  -95;  x;  30;  0;  
289;  C:\Dati\SKYRA\test2\00868;  KUSAA;  H52;  2;  2;  85;  2;  2;  185707455000;  20;  -95;  x;  30;  0;  
290;  C:\Dati\SKYRA\test2\00840;  KUSAA;  H52;  2;  2;  85;  2;  1;  185707955000;  20;  -200;  x;  30;  0;  
291;  C:\Dati\SKYRA\test2\00815;  KUSAA;  H53;  2;  2;  83;  1;  2;  185247455000;  20;  -95;  x;  30;  0;  
292;  C:\Dati\SKYRA\test2\00873;  KUSAA;  H53;  2;  2;  85;  2;  2;  185707455000;  20;  -95;  x;  30;  0;  
293;  C:\Dati\SKYRA\test2\00845;  KUSAA;  H53;  2;  2;  85;  2;  1;  185707955000;  20;  -200;  x;  30;  0;  
294;  C:\Dati\SKYRA\test2\00814;  KUSAA;  H54;  2;  2;  83;  1;  2;  185247455000;  20;  -95;  x;  30;  0;  
295;  C:\Dati\SKYRA\test2\00872;  KUSAA;  H54;  2;  2;  85;  2;  2;  185707455000;  20;  -95;  x;  30;  0;  
296;  C:\Dati\SKYRA\test2\00844;  KUSAA;  H54;  2;  2;  85;  2;  1;  185707955000;  20;  -200;  x;  30;  0;  
297;  C:\Dati\SKYRA\test2\00819;  KUSAA;  H55;  2;  2;  83;  1;  2;  185247455000;  20;  -95;  x;  30;  0;  
298;  C:\Dati\SKYRA\test2\00791;  KUSAA;  H55;  2;  2;  83;  1;  1;  185247955000;  20;  -200;  x;  30;  0;  
299;  C:\Dati\SKYRA\test2\00877;  KUSAA;  H55;  2;  2;  85;  2;  2;  185707455000;  20;  -95;  x;  30;  0;  
300;  C:\Dati\SKYRA\test2\00849;  KUSAA;  H55;  2;  2;  85;  2;  1;  185707955000;  20;  -200;  x;  30;  0;  
301;  C:\Dati\SKYRA\test2\00805;  KUSAA;  H70;  2;  2;  83;  1;  2;  185247455000;  20;  -95;  x;  30;  0;  
302;  C:\Dati\SKYRA\test2\00863;  KUSAA;  H70;  2;  2;  85;  2;  2;  185707455000;  20;  -95;  x;  30;  0;  
303;  C:\Dati\SKYRA\test2\00835;  KUSAA;  H70;  2;  2;  85;  2;  1;  185707955000;  20;  -200;  x;  30;  0;  
304;  C:\Dati\SKYRA\test2\00818;  KUSAA;  H71;  2;  2;  83;  1;  2;  185247455000;  20;  -95;  x;  30;  0;  
305;  C:\Dati\SKYRA\test2\00790;  KUSAA;  H71;  2;  2;  83;  1;  1;  185247955000;  20;  -200;  x;  30;  0;  
306;  C:\Dati\SKYRA\test2\00876;  KUSAA;  H71;  2;  2;  85;  2;  2;  185707455000;  20;  -95;  x;  30;  0;  
307;  C:\Dati\SKYRA\test2\00848;  KUSAA;  H71;  2;  2;  85;  2;  1;  185707955000;  20;  -200;  x;  30;  0;  
308;  C:\Dati\SKYRA\test2\00820;  KUSAA;  H80;  2;  2;  83;  1;  2;  185247455000;  20;  -95;  x;  30;  0;  
309;  C:\Dati\SKYRA\test2\00792;  KUSAA;  H80;  2;  2;  83;  1;  1;  185247955000;  20;  -200;  x;  30;  0;  
310;  C:\Dati\SKYRA\test2\00878;  KUSAA;  H80;  2;  2;  85;  2;  2;  185707455000;  20;  -95;  x;  30;  0;  
311;  C:\Dati\SKYRA\test2\00850;  KUSAA;  H80;  2;  2;  85;  2;  1;  185707955000;  20;  -200;  x;  30;  0;  
312;  C:\Dati\SKYRA\test2\00821;  KUSAA;  H81;  2;  2;  83;  1;  2;  185247455000;  20;  -95;  x;  30;  0;  
313;  C:\Dati\SKYRA\test2\00793;  KUSAA;  H81;  2;  2;  83;  1;  1;  185247955000;  20;  -200;  x;  30;  0;  
314;  C:\Dati\SKYRA\test2\00879;  KUSAA;  H81;  2;  2;  85;  2;  2;  185707455000;  20;  -95;  x;  30;  0;  
315;  C:\Dati\SKYRA\test2\00851;  KUSAA;  H81;  2;  2;  85;  2;  1;  185707955000;  20;  -200;  x;  30;  0;  
316;  C:\Dati\SKYRA\test2\00803;  KUSAA;  H82;  2;  2;  83;  1;  2;  185247455000;  20;  -95;  x;  30;  0;  
317;  C:\Dati\SKYRA\test2\00861;  KUSAA;  H82;  2;  2;  85;  2;  2;  185707455000;  20;  -95;  x;  30;  0;  
318;  C:\Dati\SKYRA\test2\00833;  KUSAA;  H82;  2;  2;  85;  2;  1;  185707955000;  20;  -200;  x;  30;  0;  
319;  C:\Dati\SKYRA\test2\00802;  KUSAA;  H83;  2;  2;  83;  1;  2;  185247455000;  20;  -95;  x;  30;  0;  
320;  C:\Dati\SKYRA\test2\00860;  KUSAA;  H83;  2;  2;  85;  2;  2;  185707455000;  20;  -95;  x;  30;  0;  
321;  C:\Dati\SKYRA\test2\00832;  KUSAA;  H83;  2;  2;  85;  2;  1;  185707955000;  20;  -200;  x;  30;  0;  
322;  C:\Dati\SKYRA\test2\00817;  KUSAA;  H84;  2;  2;  83;  1;  2;  185247455000;  20;  -95;  x;  30;  0;  
323;  C:\Dati\SKYRA\test2\00789;  KUSAA;  H84;  2;  2;  83;  1;  1;  185247955000;  20;  -200;  x;  30;  0;  
324;  C:\Dati\SKYRA\test2\00875;  KUSAA;  H84;  2;  2;  85;  2;  2;  185707455000;  20;  -95;  x;  30;  0;  
325;  C:\Dati\SKYRA\test2\00847;  KUSAA;  H84;  2;  2;  85;  2;  1;  185707955000;  20;  -200;  x;  30;  0;  
326;  C:\Dati\SKYRA\test2\00816;  KUSAA;  H85;  2;  2;  83;  1;  2;  185247455000;  20;  -95;  x;  30;  0;  
327;  C:\Dati\SKYRA\test2\00788;  KUSAA;  H85;  2;  2;  83;  1;  1;  185247955000;  20;  -200;  x;  30;  0;  
328;  C:\Dati\SKYRA\test2\00874;  KUSAA;  H85;  2;  2;  85;  2;  2;  185707455000;  20;  -95;  x;  30;  0;  
329;  C:\Dati\SKYRA\test2\00846;  KUSAA;  H85;  2;  2;  85;  2;  1;  185707955000;  20;  -200;  x;  30;  0;  
330;  C:\Dati\SKYRA\test2\00808;  KUSAA;  H86;  2;  2;  83;  1;  2;  185247455000;  20;  -95;  x;  30;  0;  
331;  C:\Dati\SKYRA\test2\00866;  KUSAA;  H86;  2;  2;  85;  2;  2;  185707455000;  20;  -95;  x;  30;  0;  
332;  C:\Dati\SKYRA\test2\00838;  KUSAA;  H86;  2;  2;  85;  2;  1;  185707955000;  20;  -200;  x;  30;  0;  
333;  C:\Dati\SKYRA\test2\00809;  KUSAA;  H87;  2;  2;  83;  1;  2;  185247455000;  20;  -95;  x;  30;  0;  
334;  C:\Dati\SKYRA\test2\00867;  KUSAA;  H87;  2;  2;  85;  2;  2;  185707455000;  20;  -95;  x;  30;  0;  
335;  C:\Dati\SKYRA\test2\00839;  KUSAA;  H87;  2;  2;  85;  2;  1;  185707955000;  20;  -200;  x;  30;  0;  
336;  C:\Dati\SKYRA\test2\00800;  KUSAA;  N10;  2;  1;  83;  1;  2;  185247455000;  20;  -95;  x;  30;  0;  
337;  C:\Dati\SKYRA\test2\00858;  KUSAA;  N10;  2;  1;  85;  2;  2;  185707455000;  20;  -95;  x;  30;  0;  
338;  C:\Dati\SKYRA\test2\00830;  KUSAA;  N10;  2;  1;  85;  2;  1;  185707955000;  20;  -200;  x;  30;  0;  
339;  C:\Dati\SKYRA\test2\00824;  KUSAA;  N11;  2;  1;  83;  1;  2;  185247455000;  20;  -95;  x;  30;  0;  
340;  C:\Dati\SKYRA\test2\00796;  KUSAA;  N11;  2;  1;  83;  1;  1;  185247955000;  20;  -200;  x;  30;  0;  
341;  C:\Dati\SKYRA\test2\00882;  KUSAA;  N11;  2;  1;  85;  2;  2;  185707455000;  20;  -95;  x;  30;  0;  
342;  C:\Dati\SKYRA\test2\00854;  KUSAA;  N11;  2;  1;  85;  2;  1;  185707955000;  20;  -200;  x;  30;  0;  
343;  C:\Dati\SKYRA\test2\00823;  KUSAA;  N12;  2;  1;  83;  1;  2;  185247455000;  20;  -95;  x;  30;  0;  
344;  C:\Dati\SKYRA\test2\00795;  KUSAA;  N12;  2;  1;  83;  1;  1;  185247955000;  20;  -200;  x;  30;  0;  
345;  C:\Dati\SKYRA\test2\00881;  KUSAA;  N12;  2;  1;  85;  2;  2;  185707455000;  20;  -95;  x;  30;  0;  
346;  C:\Dati\SKYRA\test2\00853;  KUSAA;  N12;  2;  1;  85;  2;  1;  185707955000;  20;  -200;  x;  30;  0;  
347;  C:\Dati\SKYRA\test2\00813;  KUSAA;  N20;  2;  1;  83;  1;  2;  185247455000;  20;  -95;  x;  30;  0;  
348;  C:\Dati\SKYRA\test2\00871;  KUSAA;  N20;  2;  1;  85;  2;  2;  185707455000;  20;  -95;  x;  30;  0;  
349;  C:\Dati\SKYRA\test2\00843;  KUSAA;  N20;  2;  1;  85;  2;  1;  185707955000;  20;  -200;  x;  30;  0;  
350;  C:\Dati\SKYRA\test2\00812;  KUSAA;  N21;  2;  1;  83;  1;  2;  185247455000;  20;  -95;  x;  30;  0;  
351;  C:\Dati\SKYRA\test2\00870;  KUSAA;  N21;  2;  1;  85;  2;  2;  185707455000;  20;  -95;  x;  30;  0;  
352;  C:\Dati\SKYRA\test2\00842;  KUSAA;  N21;  2;  1;  85;  2;  1;  185707955000;  20;  -200;  x;  30;  0;  
353;  C:\Dati\SKYRA\test2\00807;  KUSAA;  N22;  2;  1;  83;  1;  2;  185247455000;  20;  -95;  x;  30;  0;  
354;  C:\Dati\SKYRA\test2\00865;  KUSAA;  N22;  2;  1;  85;  2;  2;  185707455000;  20;  -95;  x;  30;  0;  
355;  C:\Dati\SKYRA\test2\00837;  KUSAA;  N22;  2;  1;  85;  2;  1;  185707955000;  20;  -200;  x;  30;  0;  
356;  C:\Dati\SKYRA\test2\00806;  KUSAA;  N23;  2;  1;  83;  1;  2;  185247455000;  20;  -95;  x;  30;  0;  
357;  C:\Dati\SKYRA\test2\00864;  KUSAA;  N23;  2;  1;  85;  2;  2;  185707455000;  20;  -95;  x;  30;  0;  
358;  C:\Dati\SKYRA\test2\00836;  KUSAA;  N23;  2;  1;  85;  2;  1;  185707955000;  20;  -200;  x;  30;  0;  
359;  C:\Dati\SKYRA\test2\00827;  KUSAA;  N24;  2;  1;  83;  1;  2;  185247455000;  20;  -95;  x;  30;  0;  
360;  C:\Dati\SKYRA\test2\00799;  KUSAA;  N24;  2;  1;  83;  1;  1;  185247955000;  20;  -200;  x;  30;  0;  
361;  C:\Dati\SKYRA\test2\00885;  KUSAA;  N24;  2;  1;  85;  2;  2;  185707455000;  20;  -95;  x;  30;  0;  
362;  C:\Dati\SKYRA\test2\00857;  KUSAA;  N24;  2;  1;  85;  2;  1;  185707955000;  20;  -200;  x;  30;  0;  
363;  C:\Dati\SKYRA\test2\00826;  KUSAA;  N25;  2;  1;  83;  1;  2;  185247455000;  20;  -95;  x;  30;  0;  
364;  C:\Dati\SKYRA\test2\00798;  KUSAA;  N25;  2;  1;  83;  1;  1;  185247955000;  20;  -200;  x;  30;  0;  
365;  C:\Dati\SKYRA\test2\00884;  KUSAA;  N25;  2;  1;  85;  2;  2;  185707455000;  20;  -95;  x;  30;  0;  
366;  C:\Dati\SKYRA\test2\00856;  KUSAA;  N25;  2;  1;  85;  2;  1;  185707955000;  20;  -200;  x;  30;  0;  
367;  C:\Dati\SKYRA\test2\00801;  KUSAA;  N30;  2;  1;  83;  1;  2;  185247455000;  20;  -95;  x;  30;  0;  
368;  C:\Dati\SKYRA\test2\00859;  KUSAA;  N30;  2;  1;  85;  2;  2;  185707455000;  20;  -95;  x;  30;  0;  
369;  C:\Dati\SKYRA\test2\00831;  KUSAA;  N30;  2;  1;  85;  2;  1;  185707955000;  20;  -200;  x;  30;  0;  
370;  C:\Dati\SKYRA\test2\00825;  KUSAA;  N31;  2;  1;  83;  1;  2;  185247455000;  20;  -95;  x;  30;  0;  
371;  C:\Dati\SKYRA\test2\00797;  KUSAA;  N31;  2;  1;  83;  1;  1;  185247955000;  20;  -200;  x;  30;  0;  
372;  C:\Dati\SKYRA\test2\00883;  KUSAA;  N31;  2;  1;  85;  2;  2;  185707455000;  20;  -95;  x;  30;  0;  
373;  C:\Dati\SKYRA\test2\00855;  KUSAA;  N31;  2;  1;  85;  2;  1;  185707955000;  20;  -200;  x;  30;  0;  
374;  C:\Dati\SKYRA\test2\00822;  KUSAA;  N32;  2;  1;  83;  1;  2;  185247455000;  20;  -95;  x;  30;  0;  
375;  C:\Dati\SKYRA\test2\00794;  KUSAA;  N32;  2;  1;  83;  1;  1;  185247955000;  20;  -200;  x;  30;  0;  
376;  C:\Dati\SKYRA\test2\00880;  KUSAA;  N32;  2;  1;  85;  2;  2;  185707455000;  20;  -95;  x;  30;  0;  
377;  C:\Dati\SKYRA\test2\00852;  KUSAA;  N32;  2;  1;  85;  2;  1;  185707955000;  20;  -200;  x;  30;  0;  
