1052.800615
1047.594919
1046.816438
1046.056944
1046.740489
1050.139223
1051.506311
1047.439856
1050.240489
1051.075932
1047.569603
1041.474666
1046.541122
1046.813273
1047.189856
1045.411375
1046.367071
1048.348084
1046.455678
1049.816438
1048.537957
1047.784792
1045.253147
1048.189856
1047.151881
1048.449349
1048.645552
1046.917704
1047.278463
1047.797451
1046.705678
1048.208843
1049.509476
1049.613906
1045.822767
1049.670868
1046.810109
1046.708843
1047.832261
1048.816438
1051.601248
1047.180362
1050.727830
1052.484159
1048.253147
1050.626565
1048.509476
1048.860742
1051.797451
1048.389223
1048.351248
1048.971501
1049.968337
1049.787957
1049.310109
1046.952514
1050.094919
1049.860742
1046.886058
1048.636058
1050.683527
1047.041122
1045.974666
1050.598084
1049.227830
1047.107577
1047.493653
1047.158210
1050.594919
1049.354413
1048.417704
1048.357577
1052.300615
1047.398716
1047.968337
1045.417704
1047.515805
1046.873400
1044.927197
1046.376565
1046.765805
1050.740489
1048.696185
1051.129729
1047.667704
1048.477830
1048.810109
1049.212008
1047.620235
1046.882894
1046.857577
1049.471501
1049.851248
1049.756311
1044.256311
1050.338590
1046.806944
1047.547451
1050.022134
1048.164539
1048.107577
1053.056944
1048.996818
1049.746818
1045.582261
1048.819603
1049.155046
1046.854413
1046.480995
1049.303780
1045.579096
1047.319603
1048.560109
1046.905046
1050.047451
1046.794286
1045.930362
1047.525299
1049.395552
1048.503147
1048.053780
1047.468337
1049.430362
1047.186691
1047.721501
1046.841754
1048.139223
1049.110742
1044.873400
1048.949349
1048.841754
1047.272134
1044.936691
1049.819603
1049.778463
1048.174033
1045.047451
1047.075932
1049.677197
1048.952514
1050.272134
1048.294286
1048.787957
1049.234159
1049.009476
1046.056944
1047.946185
1050.430362
1047.610742
1046.360742
1050.158210
1047.939856
1047.471501
1046.715172
1047.936691
1048.015805
1052.841754
1050.401881
1047.756311
1047.746818
1047.664539
1048.471501
1050.749982
1050.110742
1049.569603
1049.674033
1049.930362
1049.091754
1046.300615
1045.629729
1049.022134
1050.018970
1046.433527
1047.740489
1051.667704
1048.303780
1050.699349
1049.749982
1049.218337
1049.351248
1052.025299
1048.484159
1054.563273
1045.528463
1052.531628
1048.693020
1047.797451
1046.715172
1047.920868
1048.965172
1047.651881
1047.920868
1048.151881
1048.265805
1051.579096
1048.768970
1046.468337
1048.303780
1046.579096
1048.436691
1047.993653
1046.667704
1049.911375
1046.813273
1046.889223
1047.291122
1049.167704
1048.569603
1051.066438
1046.215172
1051.962008
1048.553780
1047.123400
1048.860742
1046.155046
1046.395552
1051.563273
1047.398716
1049.389223
1047.227830
1050.376565
1047.287957
1047.699349
1051.772134
1049.262641
1049.575932
1044.196185
1049.148716
1049.215172
1052.655046
1049.585425
1050.306944
1049.196185
1049.123400
1047.620235
1048.889223
1047.924033
1049.148716
1049.218337
1045.392387
1047.946185
1047.651881
1046.522134
1049.335425
1051.800615
1050.525299
1049.462008
1047.376565
1047.939856
1044.867071
1047.224666
1047.781628
1047.053780
1049.512641
1045.582261
1048.582261
1048.848084
1047.962008
1048.740489
1047.870235
1047.898716
1047.120235
1046.310109
1045.999982
1049.645552
1051.436691
1046.987324
1047.870235
1050.363906
1047.129729
1047.781628
1052.218337
1047.205678
1045.468337
1048.259476
1051.639223
1047.968337
1052.443020
