2013.2707852450285
1895.2067316228693
1973.205411044034
1881.9171142578125
1938.7100941051137
1864.9815895774148
1907.9496404474432
1848.1814963600852
1881.5191650390625
1829.0023748224432
1854.1095858487215
1812.8757879083807
1833.158203125
1796.53369140625
1809.4637340198863
1776.4321511008523
1791.2689874822443
1761.5684925426137
1772.7663130326705
1604.9531360973012
215.19773587313566
54.98289264332164
44.0180830522017
21.281258192929354
31.03917104547674
19.812428301030938
26.89081859588623
13.787343978881836
23.591578917069867
12.391665545376865
23.148306716572154
13.180126970464533
19.369405833157625
11.152779817581177
21.468439969149504
13.04302488673817
21.821251002225008
11.63763603297147
20.086095463145863
11.465340679342097
16.39213648709384
9.45852838863026
18.157255259427156
11.815121173858643
17.462706912647594
12.214857708324086
17.349475600502707
13.519800402901389
16.90313755382191
12.419038425792348
14.361841461875223
12.57176720012318
14.24924577366222
11.123792604966598
17.341201522133566
9.769425478848545
14.872640696438877
12.138963092457164
19.45501171458851
18.599069768732246
21.168819080699574
20.86299081282182
32.09616383639249
43.54084535078569
64.71282716230913
85.6941015070135
118.60950816761364
152.35095769708806
193.53720092773438
237.23615750399503
283.9322592995384
330.1163163618608
383.5888588645241
435.65854714133525
490.81115167791194
544.6668312766335
599.0555308948864
653.9671686345881
707.6385109641335
761.6649169921875
819.5599920099431
871.9091075550426
921.3012972745029
977.3128773082386
1035.4350253018465
1092.5016867897727
1148.0211070667613
1204.4293212890625
1255.181562943892
1311.951737837358
1358.9951504794035
1405.2553488991477
1450.326016512784
1491.2707186612215
1527.7806285511363
1560.4859619140625
1582.1792214133523
1602.9035311612215
1618.7964089133523
1633.750577059659
1645.9054731889205
1654.1714200106535
1657.426680131392
1663.9959716796875
1667.3942316228693
1674.8548473011363
1680.5158247514205
1688.920731977983
1691.4311190518465
1698.732832475142
1704.5167791193182
1712.7960316051137
1716.4928644353693
1725.9455011541193
1730.423184481534
1737.5165349786932
1744.8035111860795
1755.4498956853693
1759.2887961647727
1769.5573508522727
1776.3522283380682
1784.9982577237215
1791.6079545454545
1804.3205122514205
1811.3042658025568
1823.353515625
1829.5430353338068
1842.522061434659
1850.5867365056818
1863.4739768288352
1869.9446244673295
1883.1223366477273
1891.758145419034
1906.0360662286932
1915.244218306108
1928.308915571733
1935.7405783913352
1949.8532270951705
1961.0648748224432
1974.7547718394887
1989.216475053267
2003.3246404474432
2016.9781716086648
2024.8690407492898
