0;  C:\Dati\SKYRA\test3\00116;  JUSAA;  H10;  2;  3;  124;  1;  1;  201921502500;  20;  -15;  x;  30;  0;  
1;  C:\Dati\SKYRA\test3\00204;  JUSAA;  H10;  2;  3;  124;  1;  3;  201921837500;  20;  70;  x;  30;  0;  
2;  C:\Dati\SKYRA\test3\00160;  JUSAA;  H10;  2;  3;  124;  1;  2;  201922170000;  20;  40;  x;  30;  0;  
3;  C:\Dati\SKYRA\test3\00251;  JUSAA;  H10;  2;  3;  126;  2;  1;  202341502500;  20;  -15;  x;  30;  0;  
4;  C:\Dati\SKYRA\test3\00339;  JUSAA;  H10;  2;  3;  126;  2;  3;  202341837500;  20;  70;  x;  30;  0;  
5;  C:\Dati\SKYRA\test3\00295;  JUSAA;  H10;  2;  3;  126;  2;  2;  202342170000;  20;  40;  x;  30;  0;  
6;  C:\Dati\SKYRA\test3\00117;  JUSAA;  H11;  2;  3;  124;  1;  1;  201921502500;  20;  -15;  x;  30;  0;  
7;  C:\Dati\SKYRA\test3\00205;  JUSAA;  H11;  2;  3;  124;  1;  3;  201921837500;  20;  70;  x;  30;  0;  
8;  C:\Dati\SKYRA\test3\00161;  JUSAA;  H11;  2;  3;  124;  1;  2;  201922170000;  20;  40;  x;  30;  0;  
9;  C:\Dati\SKYRA\test3\00252;  JUSAA;  H11;  2;  3;  126;  2;  1;  202341502500;  20;  -15;  x;  30;  0;  
10;  C:\Dati\SKYRA\test3\00340;  JUSAA;  H11;  2;  3;  126;  2;  3;  202341837500;  20;  70;  x;  30;  0;  
11;  C:\Dati\SKYRA\test3\00296;  JUSAA;  H11;  2;  3;  126;  2;  2;  202342170000;  20;  40;  x;  30;  0;  
12;  C:\Dati\SKYRA\test3\00134;  JUSAA;  H12;  2;  3;  124;  1;  1;  201921502500;  20;  -15;  x;  30;  0;  
13;  C:\Dati\SKYRA\test3\00222;  JUSAA;  H12;  2;  3;  124;  1;  3;  201921837500;  20;  70;  x;  30;  0;  
14;  C:\Dati\SKYRA\test3\00178;  JUSAA;  H12;  2;  3;  124;  1;  2;  201922170000;  20;  40;  x;  30;  0;  
15;  C:\Dati\SKYRA\test3\00269;  JUSAA;  H12;  2;  3;  126;  2;  1;  202341502500;  20;  -15;  x;  30;  0;  
16;  C:\Dati\SKYRA\test3\00357;  JUSAA;  H12;  2;  3;  126;  2;  3;  202341837500;  20;  70;  x;  30;  0;  
17;  C:\Dati\SKYRA\test3\00313;  JUSAA;  H12;  2;  3;  126;  2;  2;  202342170000;  20;  40;  x;  30;  0;  
18;  C:\Dati\SKYRA\test3\00135;  JUSAA;  H13;  2;  3;  124;  1;  1;  201921502500;  20;  -15;  x;  30;  0;  
19;  C:\Dati\SKYRA\test3\00223;  JUSAA;  H13;  2;  3;  124;  1;  3;  201921837500;  20;  70;  x;  30;  0;  
20;  C:\Dati\SKYRA\test3\00179;  JUSAA;  H13;  2;  3;  124;  1;  2;  201922170000;  20;  40;  x;  30;  0;  
21;  C:\Dati\SKYRA\test3\00270;  JUSAA;  H13;  2;  3;  126;  2;  1;  202341502500;  20;  -15;  x;  30;  0;  
22;  C:\Dati\SKYRA\test3\00358;  JUSAA;  H13;  2;  3;  126;  2;  3;  202341837500;  20;  70;  x;  30;  0;  
23;  C:\Dati\SKYRA\test3\00314;  JUSAA;  H13;  2;  3;  126;  2;  2;  202342170000;  20;  40;  x;  30;  0;  
24;  C:\Dati\SKYRA\test3\00124;  JUSAA;  H20;  2;  3;  124;  1;  1;  201921502500;  20;  -15;  x;  30;  0;  
25;  C:\Dati\SKYRA\test3\00212;  JUSAA;  H20;  2;  3;  124;  1;  3;  201921837500;  20;  70;  x;  30;  0;  
26;  C:\Dati\SKYRA\test3\00168;  JUSAA;  H20;  2;  3;  124;  1;  2;  201922170000;  20;  40;  x;  30;  0;  
27;  C:\Dati\SKYRA\test3\00259;  JUSAA;  H20;  2;  3;  126;  2;  1;  202341502500;  20;  -15;  x;  30;  0;  
28;  C:\Dati\SKYRA\test3\00347;  JUSAA;  H20;  2;  3;  126;  2;  3;  202341837500;  20;  70;  x;  30;  0;  
29;  C:\Dati\SKYRA\test3\00303;  JUSAA;  H20;  2;  3;  126;  2;  2;  202342170000;  20;  40;  x;  30;  0;  
30;  C:\Dati\SKYRA\test3\00125;  JUSAA;  H21;  2;  3;  124;  1;  1;  201921502500;  20;  -15;  x;  30;  0;  
31;  C:\Dati\SKYRA\test3\00213;  JUSAA;  H21;  2;  3;  124;  1;  3;  201921837500;  20;  70;  x;  30;  0;  
32;  C:\Dati\SKYRA\test3\00169;  JUSAA;  H21;  2;  3;  124;  1;  2;  201922170000;  20;  40;  x;  30;  0;  
33;  C:\Dati\SKYRA\test3\00260;  JUSAA;  H21;  2;  3;  126;  2;  1;  202341502500;  20;  -15;  x;  30;  0;  
34;  C:\Dati\SKYRA\test3\00348;  JUSAA;  H21;  2;  3;  126;  2;  3;  202341837500;  20;  70;  x;  30;  0;  
35;  C:\Dati\SKYRA\test3\00304;  JUSAA;  H21;  2;  3;  126;  2;  2;  202342170000;  20;  40;  x;  30;  0;  
36;  C:\Dati\SKYRA\test3\00148;  JUSAA;  H22;  2;  3;  124;  1;  1;  201921502500;  20;  -15;  x;  30;  0;  
37;  C:\Dati\SKYRA\test3\00236;  JUSAA;  H22;  2;  3;  124;  1;  3;  201921837500;  20;  70;  x;  30;  0;  
38;  C:\Dati\SKYRA\test3\00192;  JUSAA;  H22;  2;  3;  124;  1;  2;  201922170000;  20;  40;  x;  30;  0;  
39;  C:\Dati\SKYRA\test3\00283;  JUSAA;  H22;  2;  3;  126;  2;  1;  202341502500;  20;  -15;  x;  30;  0;  
40;  C:\Dati\SKYRA\test3\00371;  JUSAA;  H22;  2;  3;  126;  2;  3;  202341837500;  20;  70;  x;  30;  0;  
41;  C:\Dati\SKYRA\test3\00327;  JUSAA;  H22;  2;  3;  126;  2;  2;  202342170000;  20;  40;  x;  30;  0;  
42;  C:\Dati\SKYRA\test3\00149;  JUSAA;  H23;  2;  3;  124;  1;  1;  201921502500;  20;  -15;  x;  30;  0;  
43;  C:\Dati\SKYRA\test3\00237;  JUSAA;  H23;  2;  3;  124;  1;  3;  201921837500;  20;  70;  x;  30;  0;  
44;  C:\Dati\SKYRA\test3\00193;  JUSAA;  H23;  2;  3;  124;  1;  2;  201922170000;  20;  40;  x;  30;  0;  
45;  C:\Dati\SKYRA\test3\00284;  JUSAA;  H23;  2;  3;  126;  2;  1;  202341502500;  20;  -15;  x;  30;  0;  
46;  C:\Dati\SKYRA\test3\00372;  JUSAA;  H23;  2;  3;  126;  2;  3;  202341837500;  20;  70;  x;  30;  0;  
47;  C:\Dati\SKYRA\test3\00328;  JUSAA;  H23;  2;  3;  126;  2;  2;  202342170000;  20;  40;  x;  30;  0;  
48;  C:\Dati\SKYRA\test3\00126;  JUSAA;  H24;  2;  3;  124;  1;  1;  201921502500;  20;  -15;  x;  30;  0;  
49;  C:\Dati\SKYRA\test3\00214;  JUSAA;  H24;  2;  3;  124;  1;  3;  201921837500;  20;  70;  x;  30;  0;  
50;  C:\Dati\SKYRA\test3\00170;  JUSAA;  H24;  2;  3;  124;  1;  2;  201922170000;  20;  40;  x;  30;  0;  
51;  C:\Dati\SKYRA\test3\00261;  JUSAA;  H24;  2;  3;  126;  2;  1;  202341502500;  20;  -15;  x;  30;  0;  
52;  C:\Dati\SKYRA\test3\00349;  JUSAA;  H24;  2;  3;  126;  2;  3;  202341837500;  20;  70;  x;  30;  0;  
53;  C:\Dati\SKYRA\test3\00305;  JUSAA;  H24;  2;  3;  126;  2;  2;  202342170000;  20;  40;  x;  30;  0;  
54;  C:\Dati\SKYRA\test3\00127;  JUSAA;  H25;  2;  3;  124;  1;  1;  201921502500;  20;  -15;  x;  30;  0;  
55;  C:\Dati\SKYRA\test3\00215;  JUSAA;  H25;  2;  3;  124;  1;  3;  201921837500;  20;  70;  x;  30;  0;  
56;  C:\Dati\SKYRA\test3\00171;  JUSAA;  H25;  2;  3;  124;  1;  2;  201922170000;  20;  40;  x;  30;  0;  
57;  C:\Dati\SKYRA\test3\00262;  JUSAA;  H25;  2;  3;  126;  2;  1;  202341502500;  20;  -15;  x;  30;  0;  
58;  C:\Dati\SKYRA\test3\00350;  JUSAA;  H25;  2;  3;  126;  2;  3;  202341837500;  20;  70;  x;  30;  0;  
59;  C:\Dati\SKYRA\test3\00306;  JUSAA;  H25;  2;  3;  126;  2;  2;  202342170000;  20;  40;  x;  30;  0;  
60;  C:\Dati\SKYRA\test3\00131;  JUSAA;  H30;  2;  2;  124;  1;  1;  201921502500;  20;  -15;  x;  30;  0;  
61;  C:\Dati\SKYRA\test3\00219;  JUSAA;  H30;  2;  2;  124;  1;  3;  201921837500;  20;  70;  x;  30;  0;  
62;  C:\Dati\SKYRA\test3\00175;  JUSAA;  H30;  2;  2;  124;  1;  2;  201922170000;  20;  40;  x;  30;  0;  
63;  C:\Dati\SKYRA\test3\00266;  JUSAA;  H30;  2;  2;  126;  2;  1;  202341502500;  20;  -15;  x;  30;  0;  
64;  C:\Dati\SKYRA\test3\00354;  JUSAA;  H30;  2;  2;  126;  2;  3;  202341837500;  20;  70;  x;  30;  0;  
65;  C:\Dati\SKYRA\test3\00310;  JUSAA;  H30;  2;  2;  126;  2;  2;  202342170000;  20;  40;  x;  30;  0;  
66;  C:\Dati\SKYRA\test3\00130;  JUSAA;  H31;  2;  2;  124;  1;  1;  201921502500;  20;  -15;  x;  30;  0;  
67;  C:\Dati\SKYRA\test3\00218;  JUSAA;  H31;  2;  2;  124;  1;  3;  201921837500;  20;  70;  x;  30;  0;  
68;  C:\Dati\SKYRA\test3\00174;  JUSAA;  H31;  2;  2;  124;  1;  2;  201922170000;  20;  40;  x;  30;  0;  
69;  C:\Dati\SKYRA\test3\00265;  JUSAA;  H31;  2;  2;  126;  2;  1;  202341502500;  20;  -15;  x;  30;  0;  
70;  C:\Dati\SKYRA\test3\00353;  JUSAA;  H31;  2;  2;  126;  2;  3;  202341837500;  20;  70;  x;  30;  0;  
71;  C:\Dati\SKYRA\test3\00309;  JUSAA;  H31;  2;  2;  126;  2;  2;  202342170000;  20;  40;  x;  30;  0;  
72;  C:\Dati\SKYRA\test3\00159;  JUSAA;  H32;  2;  2;  124;  1;  1;  201921502500;  20;  -15;  x;  30;  0;  
73;  C:\Dati\SKYRA\test3\00247;  JUSAA;  H32;  2;  2;  124;  1;  3;  201921837500;  20;  70;  x;  30;  0;  
74;  C:\Dati\SKYRA\test3\00203;  JUSAA;  H32;  2;  2;  124;  1;  2;  201922170000;  20;  40;  x;  30;  0;  
75;  C:\Dati\SKYRA\test3\00294;  JUSAA;  H32;  2;  2;  126;  2;  1;  202341502500;  20;  -15;  x;  30;  0;  
76;  C:\Dati\SKYRA\test3\00382;  JUSAA;  H32;  2;  2;  126;  2;  3;  202341837500;  20;  70;  x;  30;  0;  
77;  C:\Dati\SKYRA\test3\00338;  JUSAA;  H32;  2;  2;  126;  2;  2;  202342170000;  20;  40;  x;  30;  0;  
78;  C:\Dati\SKYRA\test3\00158;  JUSAA;  H33;  2;  2;  124;  1;  1;  201921502500;  20;  -15;  x;  30;  0;  
79;  C:\Dati\SKYRA\test3\00246;  JUSAA;  H33;  2;  2;  124;  1;  3;  201921837500;  20;  70;  x;  30;  0;  
80;  C:\Dati\SKYRA\test3\00202;  JUSAA;  H33;  2;  2;  124;  1;  2;  201922170000;  20;  40;  x;  30;  0;  
81;  C:\Dati\SKYRA\test3\00293;  JUSAA;  H33;  2;  2;  126;  2;  1;  202341502500;  20;  -15;  x;  30;  0;  
82;  C:\Dati\SKYRA\test3\00381;  JUSAA;  H33;  2;  2;  126;  2;  3;  202341837500;  20;  70;  x;  30;  0;  
83;  C:\Dati\SKYRA\test3\00337;  JUSAA;  H33;  2;  2;  126;  2;  2;  202342170000;  20;  40;  x;  30;  0;  
84;  C:\Dati\SKYRA\test3\00129;  JUSAA;  H34;  2;  2;  124;  1;  1;  201921502500;  20;  -15;  x;  30;  0;  
85;  C:\Dati\SKYRA\test3\00217;  JUSAA;  H34;  2;  2;  124;  1;  3;  201921837500;  20;  70;  x;  30;  0;  
86;  C:\Dati\SKYRA\test3\00173;  JUSAA;  H34;  2;  2;  124;  1;  2;  201922170000;  20;  40;  x;  30;  0;  
87;  C:\Dati\SKYRA\test3\00264;  JUSAA;  H34;  2;  2;  126;  2;  1;  202341502500;  20;  -15;  x;  30;  0;  
88;  C:\Dati\SKYRA\test3\00352;  JUSAA;  H34;  2;  2;  126;  2;  3;  202341837500;  20;  70;  x;  30;  0;  
89;  C:\Dati\SKYRA\test3\00308;  JUSAA;  H34;  2;  2;  126;  2;  2;  202342170000;  20;  40;  x;  30;  0;  
90;  C:\Dati\SKYRA\test3\00128;  JUSAA;  H35;  2;  2;  124;  1;  1;  201921502500;  20;  -15;  x;  30;  0;  
91;  C:\Dati\SKYRA\test3\00216;  JUSAA;  H35;  2;  2;  124;  1;  3;  201921837500;  20;  70;  x;  30;  0;  
92;  C:\Dati\SKYRA\test3\00172;  JUSAA;  H35;  2;  2;  124;  1;  2;  201922170000;  20;  40;  x;  30;  0;  
93;  C:\Dati\SKYRA\test3\00263;  JUSAA;  H35;  2;  2;  126;  2;  1;  202341502500;  20;  -15;  x;  30;  0;  
94;  C:\Dati\SKYRA\test3\00351;  JUSAA;  H35;  2;  2;  126;  2;  3;  202341837500;  20;  70;  x;  30;  0;  
95;  C:\Dati\SKYRA\test3\00307;  JUSAA;  H35;  2;  2;  126;  2;  2;  202342170000;  20;  40;  x;  30;  0;  
96;  C:\Dati\SKYRA\test3\00146;  JUSAA;  H40;  2;  2;  124;  1;  1;  201921502500;  20;  -15;  x;  30;  0;  
97;  C:\Dati\SKYRA\test3\00234;  JUSAA;  H40;  2;  2;  124;  1;  3;  201921837500;  20;  70;  x;  30;  0;  
98;  C:\Dati\SKYRA\test3\00190;  JUSAA;  H40;  2;  2;  124;  1;  2;  201922170000;  20;  40;  x;  30;  0;  
99;  C:\Dati\SKYRA\test3\00281;  JUSAA;  H40;  2;  2;  126;  2;  1;  202341502500;  20;  -15;  x;  30;  0;  
100;  C:\Dati\SKYRA\test3\00369;  JUSAA;  H40;  2;  2;  126;  2;  3;  202341837500;  20;  70;  x;  30;  0;  
101;  C:\Dati\SKYRA\test3\00325;  JUSAA;  H40;  2;  2;  126;  2;  2;  202342170000;  20;  40;  x;  30;  0;  
102;  C:\Dati\SKYRA\test3\00147;  JUSAA;  H41;  2;  2;  124;  1;  1;  201921502500;  20;  -15;  x;  30;  0;  
103;  C:\Dati\SKYRA\test3\00235;  JUSAA;  H41;  2;  2;  124;  1;  3;  201921837500;  20;  70;  x;  30;  0;  
104;  C:\Dati\SKYRA\test3\00191;  JUSAA;  H41;  2;  2;  124;  1;  2;  201922170000;  20;  40;  x;  30;  0;  
105;  C:\Dati\SKYRA\test3\00282;  JUSAA;  H41;  2;  2;  126;  2;  1;  202341502500;  20;  -15;  x;  30;  0;  
106;  C:\Dati\SKYRA\test3\00370;  JUSAA;  H41;  2;  2;  126;  2;  3;  202341837500;  20;  70;  x;  30;  0;  
107;  C:\Dati\SKYRA\test3\00326;  JUSAA;  H41;  2;  2;  126;  2;  2;  202342170000;  20;  40;  x;  30;  0;  
108;  C:\Dati\SKYRA\test3\00122;  JUSAA;  H42;  2;  2;  124;  1;  1;  201921502500;  20;  -15;  x;  30;  0;  
109;  C:\Dati\SKYRA\test3\00210;  JUSAA;  H42;  2;  2;  124;  1;  3;  201921837500;  20;  70;  x;  30;  0;  
110;  C:\Dati\SKYRA\test3\00166;  JUSAA;  H42;  2;  2;  124;  1;  2;  201922170000;  20;  40;  x;  30;  0;  
111;  C:\Dati\SKYRA\test3\00257;  JUSAA;  H42;  2;  2;  126;  2;  1;  202341502500;  20;  -15;  x;  30;  0;  
112;  C:\Dati\SKYRA\test3\00345;  JUSAA;  H42;  2;  2;  126;  2;  3;  202341837500;  20;  70;  x;  30;  0;  
113;  C:\Dati\SKYRA\test3\00301;  JUSAA;  H42;  2;  2;  126;  2;  2;  202342170000;  20;  40;  x;  30;  0;  
114;  C:\Dati\SKYRA\test3\00123;  JUSAA;  H43;  2;  2;  124;  1;  1;  201921502500;  20;  -15;  x;  30;  0;  
115;  C:\Dati\SKYRA\test3\00211;  JUSAA;  H43;  2;  2;  124;  1;  3;  201921837500;  20;  70;  x;  30;  0;  
116;  C:\Dati\SKYRA\test3\00167;  JUSAA;  H43;  2;  2;  124;  1;  2;  201922170000;  20;  40;  x;  30;  0;  
117;  C:\Dati\SKYRA\test3\00258;  JUSAA;  H43;  2;  2;  126;  2;  1;  202341502500;  20;  -15;  x;  30;  0;  
118;  C:\Dati\SKYRA\test3\00346;  JUSAA;  H43;  2;  2;  126;  2;  3;  202341837500;  20;  70;  x;  30;  0;  
119;  C:\Dati\SKYRA\test3\00302;  JUSAA;  H43;  2;  2;  126;  2;  2;  202342170000;  20;  40;  x;  30;  0;  
120;  C:\Dati\SKYRA\test3\00137;  JUSAA;  H44;  2;  2;  124;  1;  1;  201921502500;  20;  -15;  x;  30;  0;  
121;  C:\Dati\SKYRA\test3\00225;  JUSAA;  H44;  2;  2;  124;  1;  3;  201921837500;  20;  70;  x;  30;  0;  
122;  C:\Dati\SKYRA\test3\00181;  JUSAA;  H44;  2;  2;  124;  1;  2;  201922170000;  20;  40;  x;  30;  0;  
123;  C:\Dati\SKYRA\test3\00272;  JUSAA;  H44;  2;  2;  126;  2;  1;  202341502500;  20;  -15;  x;  30;  0;  
124;  C:\Dati\SKYRA\test3\00360;  JUSAA;  H44;  2;  2;  126;  2;  3;  202341837500;  20;  70;  x;  30;  0;  
125;  C:\Dati\SKYRA\test3\00316;  JUSAA;  H44;  2;  2;  126;  2;  2;  202342170000;  20;  40;  x;  30;  0;  
126;  C:\Dati\SKYRA\test3\00136;  JUSAA;  H45;  2;  2;  124;  1;  1;  201921502500;  20;  -15;  x;  30;  0;  
127;  C:\Dati\SKYRA\test3\00224;  JUSAA;  H45;  2;  2;  124;  1;  3;  201921837500;  20;  70;  x;  30;  0;  
128;  C:\Dati\SKYRA\test3\00180;  JUSAA;  H45;  2;  2;  124;  1;  2;  201922170000;  20;  40;  x;  30;  0;  
129;  C:\Dati\SKYRA\test3\00271;  JUSAA;  H45;  2;  2;  126;  2;  1;  202341502500;  20;  -15;  x;  30;  0;  
130;  C:\Dati\SKYRA\test3\00359;  JUSAA;  H45;  2;  2;  126;  2;  3;  202341837500;  20;  70;  x;  30;  0;  
131;  C:\Dati\SKYRA\test3\00315;  JUSAA;  H45;  2;  2;  126;  2;  2;  202342170000;  20;  40;  x;  30;  0;  
132;  C:\Dati\SKYRA\test3\00150;  JUSAA;  H46;  2;  2;  124;  1;  1;  201921502500;  20;  -15;  x;  30;  0;  
133;  C:\Dati\SKYRA\test3\00238;  JUSAA;  H46;  2;  2;  124;  1;  3;  201921837500;  20;  70;  x;  30;  0;  
134;  C:\Dati\SKYRA\test3\00194;  JUSAA;  H46;  2;  2;  124;  1;  2;  201922170000;  20;  40;  x;  30;  0;  
135;  C:\Dati\SKYRA\test3\00285;  JUSAA;  H46;  2;  2;  126;  2;  1;  202341502500;  20;  -15;  x;  30;  0;  
136;  C:\Dati\SKYRA\test3\00373;  JUSAA;  H46;  2;  2;  126;  2;  3;  202341837500;  20;  70;  x;  30;  0;  
137;  C:\Dati\SKYRA\test3\00329;  JUSAA;  H46;  2;  2;  126;  2;  2;  202342170000;  20;  40;  x;  30;  0;  
138;  C:\Dati\SKYRA\test3\00151;  JUSAA;  H47;  2;  2;  124;  1;  1;  201921502500;  20;  -15;  x;  30;  0;  
139;  C:\Dati\SKYRA\test3\00239;  JUSAA;  H47;  2;  2;  124;  1;  3;  201921837500;  20;  70;  x;  30;  0;  
140;  C:\Dati\SKYRA\test3\00195;  JUSAA;  H47;  2;  2;  124;  1;  2;  201922170000;  20;  40;  x;  30;  0;  
141;  C:\Dati\SKYRA\test3\00286;  JUSAA;  H47;  2;  2;  126;  2;  1;  202341502500;  20;  -15;  x;  30;  0;  
142;  C:\Dati\SKYRA\test3\00374;  JUSAA;  H47;  2;  2;  126;  2;  3;  202341837500;  20;  70;  x;  30;  0;  
143;  C:\Dati\SKYRA\test3\00330;  JUSAA;  H47;  2;  2;  126;  2;  2;  202342170000;  20;  40;  x;  30;  0;  
144;  C:\Dati\SKYRA\test3\00142;  JUSAA;  H48;  2;  2;  124;  1;  1;  201921502500;  20;  -15;  x;  30;  0;  
145;  C:\Dati\SKYRA\test3\00230;  JUSAA;  H48;  2;  2;  124;  1;  3;  201921837500;  20;  70;  x;  30;  0;  
146;  C:\Dati\SKYRA\test3\00186;  JUSAA;  H48;  2;  2;  124;  1;  2;  201922170000;  20;  40;  x;  30;  0;  
147;  C:\Dati\SKYRA\test3\00277;  JUSAA;  H48;  2;  2;  126;  2;  1;  202341502500;  20;  -15;  x;  30;  0;  
148;  C:\Dati\SKYRA\test3\00365;  JUSAA;  H48;  2;  2;  126;  2;  3;  202341837500;  20;  70;  x;  30;  0;  
149;  C:\Dati\SKYRA\test3\00321;  JUSAA;  H48;  2;  2;  126;  2;  2;  202342170000;  20;  40;  x;  30;  0;  
150;  C:\Dati\SKYRA\test3\00143;  JUSAA;  H49;  2;  2;  124;  1;  1;  201921502500;  20;  -15;  x;  30;  0;  
151;  C:\Dati\SKYRA\test3\00231;  JUSAA;  H49;  2;  2;  124;  1;  3;  201921837500;  20;  70;  x;  30;  0;  
152;  C:\Dati\SKYRA\test3\00187;  JUSAA;  H49;  2;  2;  124;  1;  2;  201922170000;  20;  40;  x;  30;  0;  
153;  C:\Dati\SKYRA\test3\00278;  JUSAA;  H49;  2;  2;  126;  2;  1;  202341502500;  20;  -15;  x;  30;  0;  
154;  C:\Dati\SKYRA\test3\00366;  JUSAA;  H49;  2;  2;  126;  2;  3;  202341837500;  20;  70;  x;  30;  0;  
155;  C:\Dati\SKYRA\test3\00322;  JUSAA;  H49;  2;  2;  126;  2;  2;  202342170000;  20;  40;  x;  30;  0;  
156;  C:\Dati\SKYRA\test3\00132;  JUSAA;  H50;  2;  2;  124;  1;  1;  201921502500;  20;  -15;  x;  30;  0;  
157;  C:\Dati\SKYRA\test3\00220;  JUSAA;  H50;  2;  2;  124;  1;  3;  201921837500;  20;  70;  x;  30;  0;  
158;  C:\Dati\SKYRA\test3\00176;  JUSAA;  H50;  2;  2;  124;  1;  2;  201922170000;  20;  40;  x;  30;  0;  
159;  C:\Dati\SKYRA\test3\00267;  JUSAA;  H50;  2;  2;  126;  2;  1;  202341502500;  20;  -15;  x;  30;  0;  
160;  C:\Dati\SKYRA\test3\00355;  JUSAA;  H50;  2;  2;  126;  2;  3;  202341837500;  20;  70;  x;  30;  0;  
161;  C:\Dati\SKYRA\test3\00311;  JUSAA;  H50;  2;  2;  126;  2;  2;  202342170000;  20;  40;  x;  30;  0;  
162;  C:\Dati\SKYRA\test3\00145;  JUSAA;  H51;  2;  2;  124;  1;  1;  201921502500;  20;  -15;  x;  30;  0;  
163;  C:\Dati\SKYRA\test3\00233;  JUSAA;  H51;  2;  2;  124;  1;  3;  201921837500;  20;  70;  x;  30;  0;  
164;  C:\Dati\SKYRA\test3\00189;  JUSAA;  H51;  2;  2;  124;  1;  2;  201922170000;  20;  40;  x;  30;  0;  
165;  C:\Dati\SKYRA\test3\00280;  JUSAA;  H51;  2;  2;  126;  2;  1;  202341502500;  20;  -15;  x;  30;  0;  
166;  C:\Dati\SKYRA\test3\00368;  JUSAA;  H51;  2;  2;  126;  2;  3;  202341837500;  20;  70;  x;  30;  0;  
167;  C:\Dati\SKYRA\test3\00324;  JUSAA;  H51;  2;  2;  126;  2;  2;  202342170000;  20;  40;  x;  30;  0;  
168;  C:\Dati\SKYRA\test3\00144;  JUSAA;  H52;  2;  2;  124;  1;  1;  201921502500;  20;  -15;  x;  30;  0;  
169;  C:\Dati\SKYRA\test3\00232;  JUSAA;  H52;  2;  2;  124;  1;  3;  201921837500;  20;  70;  x;  30;  0;  
170;  C:\Dati\SKYRA\test3\00188;  JUSAA;  H52;  2;  2;  124;  1;  2;  201922170000;  20;  40;  x;  30;  0;  
171;  C:\Dati\SKYRA\test3\00279;  JUSAA;  H52;  2;  2;  126;  2;  1;  202341502500;  20;  -15;  x;  30;  0;  
172;  C:\Dati\SKYRA\test3\00367;  JUSAA;  H52;  2;  2;  126;  2;  3;  202341837500;  20;  70;  x;  30;  0;  
173;  C:\Dati\SKYRA\test3\00323;  JUSAA;  H52;  2;  2;  126;  2;  2;  202342170000;  20;  40;  x;  30;  0;  
174;  C:\Dati\SKYRA\test3\00153;  JUSAA;  H53;  2;  2;  124;  1;  1;  201921502500;  20;  -15;  x;  30;  0;  
175;  C:\Dati\SKYRA\test3\00241;  JUSAA;  H53;  2;  2;  124;  1;  3;  201921837500;  20;  70;  x;  30;  0;  
176;  C:\Dati\SKYRA\test3\00197;  JUSAA;  H53;  2;  2;  124;  1;  2;  201922170000;  20;  40;  x;  30;  0;  
177;  C:\Dati\SKYRA\test3\00288;  JUSAA;  H53;  2;  2;  126;  2;  1;  202341502500;  20;  -15;  x;  30;  0;  
178;  C:\Dati\SKYRA\test3\00376;  JUSAA;  H53;  2;  2;  126;  2;  3;  202341837500;  20;  70;  x;  30;  0;  
179;  C:\Dati\SKYRA\test3\00332;  JUSAA;  H53;  2;  2;  126;  2;  2;  202342170000;  20;  40;  x;  30;  0;  
180;  C:\Dati\SKYRA\test3\00152;  JUSAA;  H54;  2;  2;  124;  1;  1;  201921502500;  20;  -15;  x;  30;  0;  
181;  C:\Dati\SKYRA\test3\00240;  JUSAA;  H54;  2;  2;  124;  1;  3;  201921837500;  20;  70;  x;  30;  0;  
182;  C:\Dati\SKYRA\test3\00196;  JUSAA;  H54;  2;  2;  124;  1;  2;  201922170000;  20;  40;  x;  30;  0;  
183;  C:\Dati\SKYRA\test3\00287;  JUSAA;  H54;  2;  2;  126;  2;  1;  202341502500;  20;  -15;  x;  30;  0;  
184;  C:\Dati\SKYRA\test3\00375;  JUSAA;  H54;  2;  2;  126;  2;  3;  202341837500;  20;  70;  x;  30;  0;  
185;  C:\Dati\SKYRA\test3\00331;  JUSAA;  H54;  2;  2;  126;  2;  2;  202342170000;  20;  40;  x;  30;  0;  
186;  C:\Dati\SKYRA\test3\00157;  JUSAA;  H55;  2;  2;  124;  1;  1;  201921502500;  20;  -15;  x;  30;  0;  
187;  C:\Dati\SKYRA\test3\00245;  JUSAA;  H55;  2;  2;  124;  1;  3;  201921837500;  20;  70;  x;  30;  0;  
188;  C:\Dati\SKYRA\test3\00201;  JUSAA;  H55;  2;  2;  124;  1;  2;  201922170000;  20;  40;  x;  30;  0;  
189;  C:\Dati\SKYRA\test3\00292;  JUSAA;  H55;  2;  2;  126;  2;  1;  202341502500;  20;  -15;  x;  30;  0;  
190;  C:\Dati\SKYRA\test3\00380;  JUSAA;  H55;  2;  2;  126;  2;  3;  202341837500;  20;  70;  x;  30;  0;  
191;  C:\Dati\SKYRA\test3\00336;  JUSAA;  H55;  2;  2;  126;  2;  2;  202342170000;  20;  40;  x;  30;  0;  
192;  C:\Dati\SKYRA\test3\00119;  JUSAA;  H60;  2;  1;  124;  1;  1;  201921502500;  20;  -15;  x;  30;  0;  
193;  C:\Dati\SKYRA\test3\00207;  JUSAA;  H60;  2;  1;  124;  1;  3;  201921837500;  20;  70;  x;  30;  0;  
194;  C:\Dati\SKYRA\test3\00163;  JUSAA;  H60;  2;  1;  124;  1;  2;  201922170000;  20;  40;  x;  30;  0;  
195;  C:\Dati\SKYRA\test3\00254;  JUSAA;  H60;  2;  1;  126;  2;  1;  202341502500;  20;  -15;  x;  30;  0;  
196;  C:\Dati\SKYRA\test3\00342;  JUSAA;  H60;  2;  1;  126;  2;  3;  202341837500;  20;  70;  x;  30;  0;  
197;  C:\Dati\SKYRA\test3\00298;  JUSAA;  H60;  2;  1;  126;  2;  2;  202342170000;  20;  40;  x;  30;  0;  
198;  C:\Dati\SKYRA\test3\00118;  JUSAA;  H61;  2;  1;  124;  1;  1;  201921502500;  20;  -15;  x;  30;  0;  
199;  C:\Dati\SKYRA\test3\00206;  JUSAA;  H61;  2;  1;  124;  1;  3;  201921837500;  20;  70;  x;  30;  0;  
200;  C:\Dati\SKYRA\test3\00162;  JUSAA;  H61;  2;  1;  124;  1;  2;  201922170000;  20;  40;  x;  30;  0;  
201;  C:\Dati\SKYRA\test3\00253;  JUSAA;  H61;  2;  1;  126;  2;  1;  202341502500;  20;  -15;  x;  30;  0;  
202;  C:\Dati\SKYRA\test3\00341;  JUSAA;  H61;  2;  1;  126;  2;  3;  202341837500;  20;  70;  x;  30;  0;  
203;  C:\Dati\SKYRA\test3\00297;  JUSAA;  H61;  2;  1;  126;  2;  2;  202342170000;  20;  40;  x;  30;  0;  
204;  C:\Dati\SKYRA\test3\00139;  JUSAA;  H62;  2;  1;  124;  1;  1;  201921502500;  20;  -15;  x;  30;  0;  
205;  C:\Dati\SKYRA\test3\00227;  JUSAA;  H62;  2;  1;  124;  1;  3;  201921837500;  20;  70;  x;  30;  0;  
206;  C:\Dati\SKYRA\test3\00183;  JUSAA;  H62;  2;  1;  124;  1;  2;  201922170000;  20;  40;  x;  30;  0;  
207;  C:\Dati\SKYRA\test3\00274;  JUSAA;  H62;  2;  1;  126;  2;  1;  202341502500;  20;  -15;  x;  30;  0;  
208;  C:\Dati\SKYRA\test3\00362;  JUSAA;  H62;  2;  1;  126;  2;  3;  202341837500;  20;  70;  x;  30;  0;  
209;  C:\Dati\SKYRA\test3\00318;  JUSAA;  H62;  2;  1;  126;  2;  2;  202342170000;  20;  40;  x;  30;  0;  
210;  C:\Dati\SKYRA\test3\00138;  JUSAA;  H63;  2;  1;  124;  1;  1;  201921502500;  20;  -15;  x;  30;  0;  
211;  C:\Dati\SKYRA\test3\00226;  JUSAA;  H63;  2;  1;  124;  1;  3;  201921837500;  20;  70;  x;  30;  0;  
212;  C:\Dati\SKYRA\test3\00182;  JUSAA;  H63;  2;  1;  124;  1;  2;  201922170000;  20;  40;  x;  30;  0;  
213;  C:\Dati\SKYRA\test3\00273;  JUSAA;  H63;  2;  1;  126;  2;  1;  202341502500;  20;  -15;  x;  30;  0;  
214;  C:\Dati\SKYRA\test3\00361;  JUSAA;  H63;  2;  1;  126;  2;  3;  202341837500;  20;  70;  x;  30;  0;  
215;  C:\Dati\SKYRA\test3\00317;  JUSAA;  H63;  2;  1;  126;  2;  2;  202342170000;  20;  40;  x;  30;  0;  
216;  C:\Dati\SKYRA\test3\00155;  JUSAA;  H64;  2;  1;  124;  1;  1;  201921502500;  20;  -15;  x;  30;  0;  
217;  C:\Dati\SKYRA\test3\00243;  JUSAA;  H64;  2;  1;  124;  1;  3;  201921837500;  20;  70;  x;  30;  0;  
218;  C:\Dati\SKYRA\test3\00199;  JUSAA;  H64;  2;  1;  124;  1;  2;  201922170000;  20;  40;  x;  30;  0;  
219;  C:\Dati\SKYRA\test3\00290;  JUSAA;  H64;  2;  1;  126;  2;  1;  202341502500;  20;  -15;  x;  30;  0;  
220;  C:\Dati\SKYRA\test3\00378;  JUSAA;  H64;  2;  1;  126;  2;  3;  202341837500;  20;  70;  x;  30;  0;  
221;  C:\Dati\SKYRA\test3\00334;  JUSAA;  H64;  2;  1;  126;  2;  2;  202342170000;  20;  40;  x;  30;  0;  
222;  C:\Dati\SKYRA\test3\00154;  JUSAA;  H65;  2;  1;  124;  1;  1;  201921502500;  20;  -15;  x;  30;  0;  
223;  C:\Dati\SKYRA\test3\00242;  JUSAA;  H65;  2;  1;  124;  1;  3;  201921837500;  20;  70;  x;  30;  0;  
224;  C:\Dati\SKYRA\test3\00198;  JUSAA;  H65;  2;  1;  124;  1;  2;  201922170000;  20;  40;  x;  30;  0;  
225;  C:\Dati\SKYRA\test3\00289;  JUSAA;  H65;  2;  1;  126;  2;  1;  202341502500;  20;  -15;  x;  30;  0;  
226;  C:\Dati\SKYRA\test3\00377;  JUSAA;  H65;  2;  1;  126;  2;  3;  202341837500;  20;  70;  x;  30;  0;  
227;  C:\Dati\SKYRA\test3\00333;  JUSAA;  H65;  2;  1;  126;  2;  2;  202342170000;  20;  40;  x;  30;  0;  
228;  C:\Dati\SKYRA\test3\00141;  JUSAA;  H66;  2;  1;  124;  1;  1;  201921502500;  20;  -15;  x;  30;  0;  
229;  C:\Dati\SKYRA\test3\00229;  JUSAA;  H66;  2;  1;  124;  1;  3;  201921837500;  20;  70;  x;  30;  0;  
230;  C:\Dati\SKYRA\test3\00185;  JUSAA;  H66;  2;  1;  124;  1;  2;  201922170000;  20;  40;  x;  30;  0;  
231;  C:\Dati\SKYRA\test3\00276;  JUSAA;  H66;  2;  1;  126;  2;  1;  202341502500;  20;  -15;  x;  30;  0;  
232;  C:\Dati\SKYRA\test3\00364;  JUSAA;  H66;  2;  1;  126;  2;  3;  202341837500;  20;  70;  x;  30;  0;  
233;  C:\Dati\SKYRA\test3\00320;  JUSAA;  H66;  2;  1;  126;  2;  2;  202342170000;  20;  40;  x;  30;  0;  
234;  C:\Dati\SKYRA\test3\00140;  JUSAA;  H67;  2;  1;  124;  1;  1;  201921502500;  20;  -15;  x;  30;  0;  
235;  C:\Dati\SKYRA\test3\00228;  JUSAA;  H67;  2;  1;  124;  1;  3;  201921837500;  20;  70;  x;  30;  0;  
236;  C:\Dati\SKYRA\test3\00184;  JUSAA;  H67;  2;  1;  124;  1;  2;  201922170000;  20;  40;  x;  30;  0;  
237;  C:\Dati\SKYRA\test3\00275;  JUSAA;  H67;  2;  1;  126;  2;  1;  202341502500;  20;  -15;  x;  30;  0;  
238;  C:\Dati\SKYRA\test3\00363;  JUSAA;  H67;  2;  1;  126;  2;  3;  202341837500;  20;  70;  x;  30;  0;  
239;  C:\Dati\SKYRA\test3\00319;  JUSAA;  H67;  2;  1;  126;  2;  2;  202342170000;  20;  40;  x;  30;  0;  
240;  C:\Dati\SKYRA\test3\00121;  JUSAA;  H68;  2;  1;  124;  1;  1;  201921502500;  20;  -15;  x;  30;  0;  
241;  C:\Dati\SKYRA\test3\00209;  JUSAA;  H68;  2;  1;  124;  1;  3;  201921837500;  20;  70;  x;  30;  0;  
242;  C:\Dati\SKYRA\test3\00165;  JUSAA;  H68;  2;  1;  124;  1;  2;  201922170000;  20;  40;  x;  30;  0;  
243;  C:\Dati\SKYRA\test3\00256;  JUSAA;  H68;  2;  1;  126;  2;  1;  202341502500;  20;  -15;  x;  30;  0;  
244;  C:\Dati\SKYRA\test3\00344;  JUSAA;  H68;  2;  1;  126;  2;  3;  202341837500;  20;  70;  x;  30;  0;  
245;  C:\Dati\SKYRA\test3\00300;  JUSAA;  H68;  2;  1;  126;  2;  2;  202342170000;  20;  40;  x;  30;  0;  
246;  C:\Dati\SKYRA\test3\00120;  JUSAA;  H69;  2;  1;  124;  1;  1;  201921502500;  20;  -15;  x;  30;  0;  
247;  C:\Dati\SKYRA\test3\00208;  JUSAA;  H69;  2;  1;  124;  1;  3;  201921837500;  20;  70;  x;  30;  0;  
248;  C:\Dati\SKYRA\test3\00164;  JUSAA;  H69;  2;  1;  124;  1;  2;  201922170000;  20;  40;  x;  30;  0;  
249;  C:\Dati\SKYRA\test3\00255;  JUSAA;  H69;  2;  1;  126;  2;  1;  202341502500;  20;  -15;  x;  30;  0;  
250;  C:\Dati\SKYRA\test3\00343;  JUSAA;  H69;  2;  1;  126;  2;  3;  202341837500;  20;  70;  x;  30;  0;  
251;  C:\Dati\SKYRA\test3\00299;  JUSAA;  H69;  2;  1;  126;  2;  2;  202342170000;  20;  40;  x;  30;  0;  
252;  C:\Dati\SKYRA\test3\00133;  JUSAA;  H70;  2;  1;  124;  1;  1;  201921502500;  20;  -15;  x;  30;  0;  
253;  C:\Dati\SKYRA\test3\00221;  JUSAA;  H70;  2;  1;  124;  1;  3;  201921837500;  20;  70;  x;  30;  0;  
254;  C:\Dati\SKYRA\test3\00177;  JUSAA;  H70;  2;  1;  124;  1;  2;  201922170000;  20;  40;  x;  30;  0;  
255;  C:\Dati\SKYRA\test3\00268;  JUSAA;  H70;  2;  1;  126;  2;  1;  202341502500;  20;  -15;  x;  30;  0;  
256;  C:\Dati\SKYRA\test3\00356;  JUSAA;  H70;  2;  1;  126;  2;  3;  202341837500;  20;  70;  x;  30;  0;  
257;  C:\Dati\SKYRA\test3\00312;  JUSAA;  H70;  2;  1;  126;  2;  2;  202342170000;  20;  40;  x;  30;  0;  
258;  C:\Dati\SKYRA\test3\00156;  JUSAA;  H71;  2;  1;  124;  1;  1;  201921502500;  20;  -15;  x;  30;  0;  
259;  C:\Dati\SKYRA\test3\00244;  JUSAA;  H71;  2;  1;  124;  1;  3;  201921837500;  20;  70;  x;  30;  0;  
260;  C:\Dati\SKYRA\test3\00200;  JUSAA;  H71;  2;  1;  124;  1;  2;  201922170000;  20;  40;  x;  30;  0;  
261;  C:\Dati\SKYRA\test3\00291;  JUSAA;  H71;  2;  1;  126;  2;  1;  202341502500;  20;  -15;  x;  30;  0;  
262;  C:\Dati\SKYRA\test3\00379;  JUSAA;  H71;  2;  1;  126;  2;  3;  202341837500;  20;  70;  x;  30;  0;  
263;  C:\Dati\SKYRA\test3\00335;  JUSAA;  H71;  2;  1;  126;  2;  2;  202342170000;  20;  40;  x;  30;  0;  
264;  C:\Dati\SKYRA\test3\00248;  JUSAA;  HC1-6;  2;  3;  125;  1;  1;  201921502500;  20;  -15;  x;  x;  0;  
265;  C:\Dati\SKYRA\test3\00250;  JUSAA;  HC1-6;  2;  3;  125;  1;  3;  201921837500;  20;  70;  x;  x;  0;  
266;  C:\Dati\SKYRA\test3\00249;  JUSAA;  HC1-6;  2;  3;  125;  1;  2;  201922170000;  20;  40;  x;  x;  0;  
267;  C:\Dati\SKYRA\test3\00383;  JUSAA;  HC1-6;  2;  3;  127;  2;  1;  202341502500;  20;  -15;  x;  x;  0;  
268;  C:\Dati\SKYRA\test3\00385;  JUSAA;  HC1-6;  2;  3;  127;  2;  3;  202341837500;  20;  70;  x;  x;  0;  
269;  C:\Dati\SKYRA\test3\00384;  JUSAA;  HC1-6;  2;  3;  127;  2;  2;  202342170000;  20;  40;  x;  x;  0;  
270;  C:\Dati\SKYRA\test3\00248;  JUSAA;  HC1-6;  2;  3;  125;  1;  1;  201921502500;  20;  -15;  x;  x;  0;  
271;  C:\Dati\SKYRA\test3\00250;  JUSAA;  HC1-6;  2;  3;  125;  1;  3;  201921837500;  20;  70;  x;  x;  0;  
272;  C:\Dati\SKYRA\test3\00249;  JUSAA;  HC1-6;  2;  3;  125;  1;  2;  201922170000;  20;  40;  x;  x;  0;  
273;  C:\Dati\SKYRA\test3\00383;  JUSAA;  HC1-6;  2;  3;  127;  2;  1;  202341502500;  20;  -15;  x;  x;  0;  
274;  C:\Dati\SKYRA\test3\00385;  JUSAA;  HC1-6;  2;  3;  127;  2;  3;  202341837500;  20;  70;  x;  x;  0;  
275;  C:\Dati\SKYRA\test3\00384;  JUSAA;  HC1-6;  2;  3;  127;  2;  2;  202342170000;  20;  40;  x;  x;  0;  
276;  C:\Dati\SKYRA\test3\00248;  JUSAA;  HC1-6;  2;  3;  125;  1;  1;  201921502500;  20;  -15;  x;  x;  0;  
277;  C:\Dati\SKYRA\test3\00250;  JUSAA;  HC1-6;  2;  3;  125;  1;  3;  201921837500;  20;  70;  x;  x;  0;  
278;  C:\Dati\SKYRA\test3\00249;  JUSAA;  HC1-6;  2;  3;  125;  1;  2;  201922170000;  20;  40;  x;  x;  0;  
279;  C:\Dati\SKYRA\test3\00383;  JUSAA;  HC1-6;  2;  3;  127;  2;  1;  202341502500;  20;  -15;  x;  x;  0;  
280;  C:\Dati\SKYRA\test3\00385;  JUSAA;  HC1-6;  2;  3;  127;  2;  3;  202341837500;  20;  70;  x;  x;  0;  
281;  C:\Dati\SKYRA\test3\00384;  JUSAA;  HC1-6;  2;  3;  127;  2;  2;  202342170000;  20;  40;  x;  x;  0;  