0;  C:\Dati\SKYRA\test2\00888;  JUSAA;  H10;  2;  3;  124;  1;  1;  201921502500;  20;  -15;  x;  30;  0;  
1;  C:\Dati\SKYRA\test2\00976;  JUSAA;  H10;  2;  3;  124;  1;  3;  201921837500;  20;  70;  x;  30;  0;  
2;  C:\Dati\SKYRA\test2\00932;  JUSAA;  H10;  2;  3;  124;  1;  2;  201922170000;  20;  40;  x;  30;  0;  
3;  C:\Dati\SKYRA\test2\01023;  JUSAA;  H10;  2;  3;  126;  2;  1;  202341502500;  20;  -15;  x;  30;  0;  
4;  C:\Dati\SKYRA\test2\01111;  JUSAA;  H10;  2;  3;  126;  2;  3;  202341837500;  20;  70;  x;  30;  0;  
5;  C:\Dati\SKYRA\test2\01067;  JUSAA;  H10;  2;  3;  126;  2;  2;  202342170000;  20;  40;  x;  30;  0;  
6;  C:\Dati\SKYRA\test2\00889;  JUSAA;  H11;  2;  3;  124;  1;  1;  201921502500;  20;  -15;  x;  30;  0;  
7;  C:\Dati\SKYRA\test2\00977;  JUSAA;  H11;  2;  3;  124;  1;  3;  201921837500;  20;  70;  x;  30;  0;  
8;  C:\Dati\SKYRA\test2\00933;  JUSAA;  H11;  2;  3;  124;  1;  2;  201922170000;  20;  40;  x;  30;  0;  
9;  C:\Dati\SKYRA\test2\01024;  JUSAA;  H11;  2;  3;  126;  2;  1;  202341502500;  20;  -15;  x;  30;  0;  
10;  C:\Dati\SKYRA\test2\01112;  JUSAA;  H11;  2;  3;  126;  2;  3;  202341837500;  20;  70;  x;  30;  0;  
11;  C:\Dati\SKYRA\test2\01068;  JUSAA;  H11;  2;  3;  126;  2;  2;  202342170000;  20;  40;  x;  30;  0;  
12;  C:\Dati\SKYRA\test2\00906;  JUSAA;  H12;  2;  3;  124;  1;  1;  201921502500;  20;  -15;  x;  30;  0;  
13;  C:\Dati\SKYRA\test2\00994;  JUSAA;  H12;  2;  3;  124;  1;  3;  201921837500;  20;  70;  x;  30;  0;  
14;  C:\Dati\SKYRA\test2\00950;  JUSAA;  H12;  2;  3;  124;  1;  2;  201922170000;  20;  40;  x;  30;  0;  
15;  C:\Dati\SKYRA\test2\01041;  JUSAA;  H12;  2;  3;  126;  2;  1;  202341502500;  20;  -15;  x;  30;  0;  
16;  C:\Dati\SKYRA\test2\01129;  JUSAA;  H12;  2;  3;  126;  2;  3;  202341837500;  20;  70;  x;  30;  0;  
17;  C:\Dati\SKYRA\test2\01085;  JUSAA;  H12;  2;  3;  126;  2;  2;  202342170000;  20;  40;  x;  30;  0;  
18;  C:\Dati\SKYRA\test2\00907;  JUSAA;  H13;  2;  3;  124;  1;  1;  201921502500;  20;  -15;  x;  30;  0;  
19;  C:\Dati\SKYRA\test2\00995;  JUSAA;  H13;  2;  3;  124;  1;  3;  201921837500;  20;  70;  x;  30;  0;  
20;  C:\Dati\SKYRA\test2\00951;  JUSAA;  H13;  2;  3;  124;  1;  2;  201922170000;  20;  40;  x;  30;  0;  
21;  C:\Dati\SKYRA\test2\01042;  JUSAA;  H13;  2;  3;  126;  2;  1;  202341502500;  20;  -15;  x;  30;  0;  
22;  C:\Dati\SKYRA\test2\01130;  JUSAA;  H13;  2;  3;  126;  2;  3;  202341837500;  20;  70;  x;  30;  0;  
23;  C:\Dati\SKYRA\test2\01086;  JUSAA;  H13;  2;  3;  126;  2;  2;  202342170000;  20;  40;  x;  30;  0;  
24;  C:\Dati\SKYRA\test2\00896;  JUSAA;  H20;  2;  3;  124;  1;  1;  201921502500;  20;  -15;  x;  30;  0;  
25;  C:\Dati\SKYRA\test2\00984;  JUSAA;  H20;  2;  3;  124;  1;  3;  201921837500;  20;  70;  x;  30;  0;  
26;  C:\Dati\SKYRA\test2\00940;  JUSAA;  H20;  2;  3;  124;  1;  2;  201922170000;  20;  40;  x;  30;  0;  
27;  C:\Dati\SKYRA\test2\01031;  JUSAA;  H20;  2;  3;  126;  2;  1;  202341502500;  20;  -15;  x;  30;  0;  
28;  C:\Dati\SKYRA\test2\01119;  JUSAA;  H20;  2;  3;  126;  2;  3;  202341837500;  20;  70;  x;  30;  0;  
29;  C:\Dati\SKYRA\test2\01075;  JUSAA;  H20;  2;  3;  126;  2;  2;  202342170000;  20;  40;  x;  30;  0;  
30;  C:\Dati\SKYRA\test2\00897;  JUSAA;  H21;  2;  3;  124;  1;  1;  201921502500;  20;  -15;  x;  30;  0;  
31;  C:\Dati\SKYRA\test2\00985;  JUSAA;  H21;  2;  3;  124;  1;  3;  201921837500;  20;  70;  x;  30;  0;  
32;  C:\Dati\SKYRA\test2\00941;  JUSAA;  H21;  2;  3;  124;  1;  2;  201922170000;  20;  40;  x;  30;  0;  
33;  C:\Dati\SKYRA\test2\01032;  JUSAA;  H21;  2;  3;  126;  2;  1;  202341502500;  20;  -15;  x;  30;  0;  
34;  C:\Dati\SKYRA\test2\01120;  JUSAA;  H21;  2;  3;  126;  2;  3;  202341837500;  20;  70;  x;  30;  0;  
35;  C:\Dati\SKYRA\test2\01076;  JUSAA;  H21;  2;  3;  126;  2;  2;  202342170000;  20;  40;  x;  30;  0;  
36;  C:\Dati\SKYRA\test2\00920;  JUSAA;  H22;  2;  3;  124;  1;  1;  201921502500;  20;  -15;  x;  30;  0;  
37;  C:\Dati\SKYRA\test2\01008;  JUSAA;  H22;  2;  3;  124;  1;  3;  201921837500;  20;  70;  x;  30;  0;  
38;  C:\Dati\SKYRA\test2\00964;  JUSAA;  H22;  2;  3;  124;  1;  2;  201922170000;  20;  40;  x;  30;  0;  
39;  C:\Dati\SKYRA\test2\01055;  JUSAA;  H22;  2;  3;  126;  2;  1;  202341502500;  20;  -15;  x;  30;  0;  
40;  C:\Dati\SKYRA\test2\01143;  JUSAA;  H22;  2;  3;  126;  2;  3;  202341837500;  20;  70;  x;  30;  0;  
41;  C:\Dati\SKYRA\test2\01099;  JUSAA;  H22;  2;  3;  126;  2;  2;  202342170000;  20;  40;  x;  30;  0;  
42;  C:\Dati\SKYRA\test2\00921;  JUSAA;  H23;  2;  3;  124;  1;  1;  201921502500;  20;  -15;  x;  30;  0;  
43;  C:\Dati\SKYRA\test2\01009;  JUSAA;  H23;  2;  3;  124;  1;  3;  201921837500;  20;  70;  x;  30;  0;  
44;  C:\Dati\SKYRA\test2\00965;  JUSAA;  H23;  2;  3;  124;  1;  2;  201922170000;  20;  40;  x;  30;  0;  
45;  C:\Dati\SKYRA\test2\01056;  JUSAA;  H23;  2;  3;  126;  2;  1;  202341502500;  20;  -15;  x;  30;  0;  
46;  C:\Dati\SKYRA\test2\01144;  JUSAA;  H23;  2;  3;  126;  2;  3;  202341837500;  20;  70;  x;  30;  0;  
47;  C:\Dati\SKYRA\test2\01100;  JUSAA;  H23;  2;  3;  126;  2;  2;  202342170000;  20;  40;  x;  30;  0;  
48;  C:\Dati\SKYRA\test2\00898;  JUSAA;  H24;  2;  3;  124;  1;  1;  201921502500;  20;  -15;  x;  30;  0;  
49;  C:\Dati\SKYRA\test2\00986;  JUSAA;  H24;  2;  3;  124;  1;  3;  201921837500;  20;  70;  x;  30;  0;  
50;  C:\Dati\SKYRA\test2\00942;  JUSAA;  H24;  2;  3;  124;  1;  2;  201922170000;  20;  40;  x;  30;  0;  
51;  C:\Dati\SKYRA\test2\01033;  JUSAA;  H24;  2;  3;  126;  2;  1;  202341502500;  20;  -15;  x;  30;  0;  
52;  C:\Dati\SKYRA\test2\01121;  JUSAA;  H24;  2;  3;  126;  2;  3;  202341837500;  20;  70;  x;  30;  0;  
53;  C:\Dati\SKYRA\test2\01077;  JUSAA;  H24;  2;  3;  126;  2;  2;  202342170000;  20;  40;  x;  30;  0;  
54;  C:\Dati\SKYRA\test2\00899;  JUSAA;  H25;  2;  3;  124;  1;  1;  201921502500;  20;  -15;  x;  30;  0;  
55;  C:\Dati\SKYRA\test2\00987;  JUSAA;  H25;  2;  3;  124;  1;  3;  201921837500;  20;  70;  x;  30;  0;  
56;  C:\Dati\SKYRA\test2\00943;  JUSAA;  H25;  2;  3;  124;  1;  2;  201922170000;  20;  40;  x;  30;  0;  
57;  C:\Dati\SKYRA\test2\01034;  JUSAA;  H25;  2;  3;  126;  2;  1;  202341502500;  20;  -15;  x;  30;  0;  
58;  C:\Dati\SKYRA\test2\01122;  JUSAA;  H25;  2;  3;  126;  2;  3;  202341837500;  20;  70;  x;  30;  0;  
59;  C:\Dati\SKYRA\test2\01078;  JUSAA;  H25;  2;  3;  126;  2;  2;  202342170000;  20;  40;  x;  30;  0;  
60;  C:\Dati\SKYRA\test2\00903;  JUSAA;  H30;  2;  2;  124;  1;  1;  201921502500;  20;  -15;  x;  30;  0;  
61;  C:\Dati\SKYRA\test2\00991;  JUSAA;  H30;  2;  2;  124;  1;  3;  201921837500;  20;  70;  x;  30;  0;  
62;  C:\Dati\SKYRA\test2\00947;  JUSAA;  H30;  2;  2;  124;  1;  2;  201922170000;  20;  40;  x;  30;  0;  
63;  C:\Dati\SKYRA\test2\01038;  JUSAA;  H30;  2;  2;  126;  2;  1;  202341502500;  20;  -15;  x;  30;  0;  
64;  C:\Dati\SKYRA\test2\01126;  JUSAA;  H30;  2;  2;  126;  2;  3;  202341837500;  20;  70;  x;  30;  0;  
65;  C:\Dati\SKYRA\test2\01082;  JUSAA;  H30;  2;  2;  126;  2;  2;  202342170000;  20;  40;  x;  30;  0;  
66;  C:\Dati\SKYRA\test2\00902;  JUSAA;  H31;  2;  2;  124;  1;  1;  201921502500;  20;  -15;  x;  30;  0;  
67;  C:\Dati\SKYRA\test2\00990;  JUSAA;  H31;  2;  2;  124;  1;  3;  201921837500;  20;  70;  x;  30;  0;  
68;  C:\Dati\SKYRA\test2\00946;  JUSAA;  H31;  2;  2;  124;  1;  2;  201922170000;  20;  40;  x;  30;  0;  
69;  C:\Dati\SKYRA\test2\01037;  JUSAA;  H31;  2;  2;  126;  2;  1;  202341502500;  20;  -15;  x;  30;  0;  
70;  C:\Dati\SKYRA\test2\01125;  JUSAA;  H31;  2;  2;  126;  2;  3;  202341837500;  20;  70;  x;  30;  0;  
71;  C:\Dati\SKYRA\test2\01081;  JUSAA;  H31;  2;  2;  126;  2;  2;  202342170000;  20;  40;  x;  30;  0;  
72;  C:\Dati\SKYRA\test2\00931;  JUSAA;  H32;  2;  2;  124;  1;  1;  201921502500;  20;  -15;  x;  30;  0;  
73;  C:\Dati\SKYRA\test2\01019;  JUSAA;  H32;  2;  2;  124;  1;  3;  201921837500;  20;  70;  x;  30;  0;  
74;  C:\Dati\SKYRA\test2\00975;  JUSAA;  H32;  2;  2;  124;  1;  2;  201922170000;  20;  40;  x;  30;  0;  
75;  C:\Dati\SKYRA\test2\01066;  JUSAA;  H32;  2;  2;  126;  2;  1;  202341502500;  20;  -15;  x;  30;  0;  
76;  C:\Dati\SKYRA\test2\01154;  JUSAA;  H32;  2;  2;  126;  2;  3;  202341837500;  20;  70;  x;  30;  0;  
77;  C:\Dati\SKYRA\test2\01110;  JUSAA;  H32;  2;  2;  126;  2;  2;  202342170000;  20;  40;  x;  30;  0;  
78;  C:\Dati\SKYRA\test2\00930;  JUSAA;  H33;  2;  2;  124;  1;  1;  201921502500;  20;  -15;  x;  30;  0;  
79;  C:\Dati\SKYRA\test2\01018;  JUSAA;  H33;  2;  2;  124;  1;  3;  201921837500;  20;  70;  x;  30;  0;  
80;  C:\Dati\SKYRA\test2\00974;  JUSAA;  H33;  2;  2;  124;  1;  2;  201922170000;  20;  40;  x;  30;  0;  
81;  C:\Dati\SKYRA\test2\01065;  JUSAA;  H33;  2;  2;  126;  2;  1;  202341502500;  20;  -15;  x;  30;  0;  
82;  C:\Dati\SKYRA\test2\01153;  JUSAA;  H33;  2;  2;  126;  2;  3;  202341837500;  20;  70;  x;  30;  0;  
83;  C:\Dati\SKYRA\test2\01109;  JUSAA;  H33;  2;  2;  126;  2;  2;  202342170000;  20;  40;  x;  30;  0;  
84;  C:\Dati\SKYRA\test2\00901;  JUSAA;  H34;  2;  2;  124;  1;  1;  201921502500;  20;  -15;  x;  30;  0;  
85;  C:\Dati\SKYRA\test2\00989;  JUSAA;  H34;  2;  2;  124;  1;  3;  201921837500;  20;  70;  x;  30;  0;  
86;  C:\Dati\SKYRA\test2\00945;  JUSAA;  H34;  2;  2;  124;  1;  2;  201922170000;  20;  40;  x;  30;  0;  
87;  C:\Dati\SKYRA\test2\01036;  JUSAA;  H34;  2;  2;  126;  2;  1;  202341502500;  20;  -15;  x;  30;  0;  
88;  C:\Dati\SKYRA\test2\01124;  JUSAA;  H34;  2;  2;  126;  2;  3;  202341837500;  20;  70;  x;  30;  0;  
89;  C:\Dati\SKYRA\test2\01080;  JUSAA;  H34;  2;  2;  126;  2;  2;  202342170000;  20;  40;  x;  30;  0;  
90;  C:\Dati\SKYRA\test2\00900;  JUSAA;  H35;  2;  2;  124;  1;  1;  201921502500;  20;  -15;  x;  30;  0;  
91;  C:\Dati\SKYRA\test2\00988;  JUSAA;  H35;  2;  2;  124;  1;  3;  201921837500;  20;  70;  x;  30;  0;  
92;  C:\Dati\SKYRA\test2\00944;  JUSAA;  H35;  2;  2;  124;  1;  2;  201922170000;  20;  40;  x;  30;  0;  
93;  C:\Dati\SKYRA\test2\01035;  JUSAA;  H35;  2;  2;  126;  2;  1;  202341502500;  20;  -15;  x;  30;  0;  
94;  C:\Dati\SKYRA\test2\01123;  JUSAA;  H35;  2;  2;  126;  2;  3;  202341837500;  20;  70;  x;  30;  0;  
95;  C:\Dati\SKYRA\test2\01079;  JUSAA;  H35;  2;  2;  126;  2;  2;  202342170000;  20;  40;  x;  30;  0;  
96;  C:\Dati\SKYRA\test2\00918;  JUSAA;  H40;  2;  2;  124;  1;  1;  201921502500;  20;  -15;  x;  30;  0;  
97;  C:\Dati\SKYRA\test2\01006;  JUSAA;  H40;  2;  2;  124;  1;  3;  201921837500;  20;  70;  x;  30;  0;  
98;  C:\Dati\SKYRA\test2\00962;  JUSAA;  H40;  2;  2;  124;  1;  2;  201922170000;  20;  40;  x;  30;  0;  
99;  C:\Dati\SKYRA\test2\01053;  JUSAA;  H40;  2;  2;  126;  2;  1;  202341502500;  20;  -15;  x;  30;  0;  
100;  C:\Dati\SKYRA\test2\01141;  JUSAA;  H40;  2;  2;  126;  2;  3;  202341837500;  20;  70;  x;  30;  0;  
101;  C:\Dati\SKYRA\test2\01097;  JUSAA;  H40;  2;  2;  126;  2;  2;  202342170000;  20;  40;  x;  30;  0;  
102;  C:\Dati\SKYRA\test2\00919;  JUSAA;  H41;  2;  2;  124;  1;  1;  201921502500;  20;  -15;  x;  30;  0;  
103;  C:\Dati\SKYRA\test2\01007;  JUSAA;  H41;  2;  2;  124;  1;  3;  201921837500;  20;  70;  x;  30;  0;  
104;  C:\Dati\SKYRA\test2\00963;  JUSAA;  H41;  2;  2;  124;  1;  2;  201922170000;  20;  40;  x;  30;  0;  
105;  C:\Dati\SKYRA\test2\01054;  JUSAA;  H41;  2;  2;  126;  2;  1;  202341502500;  20;  -15;  x;  30;  0;  
106;  C:\Dati\SKYRA\test2\01142;  JUSAA;  H41;  2;  2;  126;  2;  3;  202341837500;  20;  70;  x;  30;  0;  
107;  C:\Dati\SKYRA\test2\01098;  JUSAA;  H41;  2;  2;  126;  2;  2;  202342170000;  20;  40;  x;  30;  0;  
108;  C:\Dati\SKYRA\test2\00894;  JUSAA;  H42;  2;  2;  124;  1;  1;  201921502500;  20;  -15;  x;  30;  0;  
109;  C:\Dati\SKYRA\test2\00982;  JUSAA;  H42;  2;  2;  124;  1;  3;  201921837500;  20;  70;  x;  30;  0;  
110;  C:\Dati\SKYRA\test2\00938;  JUSAA;  H42;  2;  2;  124;  1;  2;  201922170000;  20;  40;  x;  30;  0;  
111;  C:\Dati\SKYRA\test2\01029;  JUSAA;  H42;  2;  2;  126;  2;  1;  202341502500;  20;  -15;  x;  30;  0;  
112;  C:\Dati\SKYRA\test2\01117;  JUSAA;  H42;  2;  2;  126;  2;  3;  202341837500;  20;  70;  x;  30;  0;  
113;  C:\Dati\SKYRA\test2\01073;  JUSAA;  H42;  2;  2;  126;  2;  2;  202342170000;  20;  40;  x;  30;  0;  
114;  C:\Dati\SKYRA\test2\00895;  JUSAA;  H43;  2;  2;  124;  1;  1;  201921502500;  20;  -15;  x;  30;  0;  
115;  C:\Dati\SKYRA\test2\00983;  JUSAA;  H43;  2;  2;  124;  1;  3;  201921837500;  20;  70;  x;  30;  0;  
116;  C:\Dati\SKYRA\test2\00939;  JUSAA;  H43;  2;  2;  124;  1;  2;  201922170000;  20;  40;  x;  30;  0;  
117;  C:\Dati\SKYRA\test2\01030;  JUSAA;  H43;  2;  2;  126;  2;  1;  202341502500;  20;  -15;  x;  30;  0;  
118;  C:\Dati\SKYRA\test2\01118;  JUSAA;  H43;  2;  2;  126;  2;  3;  202341837500;  20;  70;  x;  30;  0;  
119;  C:\Dati\SKYRA\test2\01074;  JUSAA;  H43;  2;  2;  126;  2;  2;  202342170000;  20;  40;  x;  30;  0;  
120;  C:\Dati\SKYRA\test2\00909;  JUSAA;  H44;  2;  2;  124;  1;  1;  201921502500;  20;  -15;  x;  30;  0;  
121;  C:\Dati\SKYRA\test2\00997;  JUSAA;  H44;  2;  2;  124;  1;  3;  201921837500;  20;  70;  x;  30;  0;  
122;  C:\Dati\SKYRA\test2\00953;  JUSAA;  H44;  2;  2;  124;  1;  2;  201922170000;  20;  40;  x;  30;  0;  
123;  C:\Dati\SKYRA\test2\01044;  JUSAA;  H44;  2;  2;  126;  2;  1;  202341502500;  20;  -15;  x;  30;  0;  
124;  C:\Dati\SKYRA\test2\01132;  JUSAA;  H44;  2;  2;  126;  2;  3;  202341837500;  20;  70;  x;  30;  0;  
125;  C:\Dati\SKYRA\test2\01088;  JUSAA;  H44;  2;  2;  126;  2;  2;  202342170000;  20;  40;  x;  30;  0;  
126;  C:\Dati\SKYRA\test2\00908;  JUSAA;  H45;  2;  2;  124;  1;  1;  201921502500;  20;  -15;  x;  30;  0;  
127;  C:\Dati\SKYRA\test2\00996;  JUSAA;  H45;  2;  2;  124;  1;  3;  201921837500;  20;  70;  x;  30;  0;  
128;  C:\Dati\SKYRA\test2\00952;  JUSAA;  H45;  2;  2;  124;  1;  2;  201922170000;  20;  40;  x;  30;  0;  
129;  C:\Dati\SKYRA\test2\01043;  JUSAA;  H45;  2;  2;  126;  2;  1;  202341502500;  20;  -15;  x;  30;  0;  
130;  C:\Dati\SKYRA\test2\01131;  JUSAA;  H45;  2;  2;  126;  2;  3;  202341837500;  20;  70;  x;  30;  0;  
131;  C:\Dati\SKYRA\test2\01087;  JUSAA;  H45;  2;  2;  126;  2;  2;  202342170000;  20;  40;  x;  30;  0;  
132;  C:\Dati\SKYRA\test2\00922;  JUSAA;  H46;  2;  2;  124;  1;  1;  201921502500;  20;  -15;  x;  30;  0;  
133;  C:\Dati\SKYRA\test2\01010;  JUSAA;  H46;  2;  2;  124;  1;  3;  201921837500;  20;  70;  x;  30;  0;  
134;  C:\Dati\SKYRA\test2\00966;  JUSAA;  H46;  2;  2;  124;  1;  2;  201922170000;  20;  40;  x;  30;  0;  
135;  C:\Dati\SKYRA\test2\01057;  JUSAA;  H46;  2;  2;  126;  2;  1;  202341502500;  20;  -15;  x;  30;  0;  
136;  C:\Dati\SKYRA\test2\01145;  JUSAA;  H46;  2;  2;  126;  2;  3;  202341837500;  20;  70;  x;  30;  0;  
137;  C:\Dati\SKYRA\test2\01101;  JUSAA;  H46;  2;  2;  126;  2;  2;  202342170000;  20;  40;  x;  30;  0;  
138;  C:\Dati\SKYRA\test2\00923;  JUSAA;  H47;  2;  2;  124;  1;  1;  201921502500;  20;  -15;  x;  30;  0;  
139;  C:\Dati\SKYRA\test2\01011;  JUSAA;  H47;  2;  2;  124;  1;  3;  201921837500;  20;  70;  x;  30;  0;  
140;  C:\Dati\SKYRA\test2\00967;  JUSAA;  H47;  2;  2;  124;  1;  2;  201922170000;  20;  40;  x;  30;  0;  
141;  C:\Dati\SKYRA\test2\01058;  JUSAA;  H47;  2;  2;  126;  2;  1;  202341502500;  20;  -15;  x;  30;  0;  
142;  C:\Dati\SKYRA\test2\01146;  JUSAA;  H47;  2;  2;  126;  2;  3;  202341837500;  20;  70;  x;  30;  0;  
143;  C:\Dati\SKYRA\test2\01102;  JUSAA;  H47;  2;  2;  126;  2;  2;  202342170000;  20;  40;  x;  30;  0;  
144;  C:\Dati\SKYRA\test2\00914;  JUSAA;  H48;  2;  2;  124;  1;  1;  201921502500;  20;  -15;  x;  30;  0;  
145;  C:\Dati\SKYRA\test2\01002;  JUSAA;  H48;  2;  2;  124;  1;  3;  201921837500;  20;  70;  x;  30;  0;  
146;  C:\Dati\SKYRA\test2\00958;  JUSAA;  H48;  2;  2;  124;  1;  2;  201922170000;  20;  40;  x;  30;  0;  
147;  C:\Dati\SKYRA\test2\01049;  JUSAA;  H48;  2;  2;  126;  2;  1;  202341502500;  20;  -15;  x;  30;  0;  
148;  C:\Dati\SKYRA\test2\01137;  JUSAA;  H48;  2;  2;  126;  2;  3;  202341837500;  20;  70;  x;  30;  0;  
149;  C:\Dati\SKYRA\test2\01093;  JUSAA;  H48;  2;  2;  126;  2;  2;  202342170000;  20;  40;  x;  30;  0;  
150;  C:\Dati\SKYRA\test2\00915;  JUSAA;  H49;  2;  2;  124;  1;  1;  201921502500;  20;  -15;  x;  30;  0;  
151;  C:\Dati\SKYRA\test2\01003;  JUSAA;  H49;  2;  2;  124;  1;  3;  201921837500;  20;  70;  x;  30;  0;  
152;  C:\Dati\SKYRA\test2\00959;  JUSAA;  H49;  2;  2;  124;  1;  2;  201922170000;  20;  40;  x;  30;  0;  
153;  C:\Dati\SKYRA\test2\01050;  JUSAA;  H49;  2;  2;  126;  2;  1;  202341502500;  20;  -15;  x;  30;  0;  
154;  C:\Dati\SKYRA\test2\01138;  JUSAA;  H49;  2;  2;  126;  2;  3;  202341837500;  20;  70;  x;  30;  0;  
155;  C:\Dati\SKYRA\test2\01094;  JUSAA;  H49;  2;  2;  126;  2;  2;  202342170000;  20;  40;  x;  30;  0;  
156;  C:\Dati\SKYRA\test2\00904;  JUSAA;  H50;  2;  2;  124;  1;  1;  201921502500;  20;  -15;  x;  30;  0;  
157;  C:\Dati\SKYRA\test2\00992;  JUSAA;  H50;  2;  2;  124;  1;  3;  201921837500;  20;  70;  x;  30;  0;  
158;  C:\Dati\SKYRA\test2\00948;  JUSAA;  H50;  2;  2;  124;  1;  2;  201922170000;  20;  40;  x;  30;  0;  
159;  C:\Dati\SKYRA\test2\01039;  JUSAA;  H50;  2;  2;  126;  2;  1;  202341502500;  20;  -15;  x;  30;  0;  
160;  C:\Dati\SKYRA\test2\01127;  JUSAA;  H50;  2;  2;  126;  2;  3;  202341837500;  20;  70;  x;  30;  0;  
161;  C:\Dati\SKYRA\test2\01083;  JUSAA;  H50;  2;  2;  126;  2;  2;  202342170000;  20;  40;  x;  30;  0;  
162;  C:\Dati\SKYRA\test2\00917;  JUSAA;  H51;  2;  2;  124;  1;  1;  201921502500;  20;  -15;  x;  30;  0;  
163;  C:\Dati\SKYRA\test2\01005;  JUSAA;  H51;  2;  2;  124;  1;  3;  201921837500;  20;  70;  x;  30;  0;  
164;  C:\Dati\SKYRA\test2\00961;  JUSAA;  H51;  2;  2;  124;  1;  2;  201922170000;  20;  40;  x;  30;  0;  
165;  C:\Dati\SKYRA\test2\01052;  JUSAA;  H51;  2;  2;  126;  2;  1;  202341502500;  20;  -15;  x;  30;  0;  
166;  C:\Dati\SKYRA\test2\01140;  JUSAA;  H51;  2;  2;  126;  2;  3;  202341837500;  20;  70;  x;  30;  0;  
167;  C:\Dati\SKYRA\test2\01096;  JUSAA;  H51;  2;  2;  126;  2;  2;  202342170000;  20;  40;  x;  30;  0;  
168;  C:\Dati\SKYRA\test2\00916;  JUSAA;  H52;  2;  2;  124;  1;  1;  201921502500;  20;  -15;  x;  30;  0;  
169;  C:\Dati\SKYRA\test2\01004;  JUSAA;  H52;  2;  2;  124;  1;  3;  201921837500;  20;  70;  x;  30;  0;  
170;  C:\Dati\SKYRA\test2\00960;  JUSAA;  H52;  2;  2;  124;  1;  2;  201922170000;  20;  40;  x;  30;  0;  
171;  C:\Dati\SKYRA\test2\01051;  JUSAA;  H52;  2;  2;  126;  2;  1;  202341502500;  20;  -15;  x;  30;  0;  
172;  C:\Dati\SKYRA\test2\01139;  JUSAA;  H52;  2;  2;  126;  2;  3;  202341837500;  20;  70;  x;  30;  0;  
173;  C:\Dati\SKYRA\test2\01095;  JUSAA;  H52;  2;  2;  126;  2;  2;  202342170000;  20;  40;  x;  30;  0;  
174;  C:\Dati\SKYRA\test2\00925;  JUSAA;  H53;  2;  2;  124;  1;  1;  201921502500;  20;  -15;  x;  30;  0;  
175;  C:\Dati\SKYRA\test2\01013;  JUSAA;  H53;  2;  2;  124;  1;  3;  201921837500;  20;  70;  x;  30;  0;  
176;  C:\Dati\SKYRA\test2\00969;  JUSAA;  H53;  2;  2;  124;  1;  2;  201922170000;  20;  40;  x;  30;  0;  
177;  C:\Dati\SKYRA\test2\01060;  JUSAA;  H53;  2;  2;  126;  2;  1;  202341502500;  20;  -15;  x;  30;  0;  
178;  C:\Dati\SKYRA\test2\01148;  JUSAA;  H53;  2;  2;  126;  2;  3;  202341837500;  20;  70;  x;  30;  0;  
179;  C:\Dati\SKYRA\test2\01104;  JUSAA;  H53;  2;  2;  126;  2;  2;  202342170000;  20;  40;  x;  30;  0;  
180;  C:\Dati\SKYRA\test2\00924;  JUSAA;  H54;  2;  2;  124;  1;  1;  201921502500;  20;  -15;  x;  30;  0;  
181;  C:\Dati\SKYRA\test2\01012;  JUSAA;  H54;  2;  2;  124;  1;  3;  201921837500;  20;  70;  x;  30;  0;  
182;  C:\Dati\SKYRA\test2\00968;  JUSAA;  H54;  2;  2;  124;  1;  2;  201922170000;  20;  40;  x;  30;  0;  
183;  C:\Dati\SKYRA\test2\01059;  JUSAA;  H54;  2;  2;  126;  2;  1;  202341502500;  20;  -15;  x;  30;  0;  
184;  C:\Dati\SKYRA\test2\01147;  JUSAA;  H54;  2;  2;  126;  2;  3;  202341837500;  20;  70;  x;  30;  0;  
185;  C:\Dati\SKYRA\test2\01103;  JUSAA;  H54;  2;  2;  126;  2;  2;  202342170000;  20;  40;  x;  30;  0;  
186;  C:\Dati\SKYRA\test2\00929;  JUSAA;  H55;  2;  2;  124;  1;  1;  201921502500;  20;  -15;  x;  30;  0;  
187;  C:\Dati\SKYRA\test2\01017;  JUSAA;  H55;  2;  2;  124;  1;  3;  201921837500;  20;  70;  x;  30;  0;  
188;  C:\Dati\SKYRA\test2\00973;  JUSAA;  H55;  2;  2;  124;  1;  2;  201922170000;  20;  40;  x;  30;  0;  
189;  C:\Dati\SKYRA\test2\01064;  JUSAA;  H55;  2;  2;  126;  2;  1;  202341502500;  20;  -15;  x;  30;  0;  
190;  C:\Dati\SKYRA\test2\01152;  JUSAA;  H55;  2;  2;  126;  2;  3;  202341837500;  20;  70;  x;  30;  0;  
191;  C:\Dati\SKYRA\test2\01108;  JUSAA;  H55;  2;  2;  126;  2;  2;  202342170000;  20;  40;  x;  30;  0;  
192;  C:\Dati\SKYRA\test2\00891;  JUSAA;  H60;  2;  1;  124;  1;  1;  201921502500;  20;  -15;  x;  30;  0;  
193;  C:\Dati\SKYRA\test2\00979;  JUSAA;  H60;  2;  1;  124;  1;  3;  201921837500;  20;  70;  x;  30;  0;  
194;  C:\Dati\SKYRA\test2\00935;  JUSAA;  H60;  2;  1;  124;  1;  2;  201922170000;  20;  40;  x;  30;  0;  
195;  C:\Dati\SKYRA\test2\01026;  JUSAA;  H60;  2;  1;  126;  2;  1;  202341502500;  20;  -15;  x;  30;  0;  
196;  C:\Dati\SKYRA\test2\01114;  JUSAA;  H60;  2;  1;  126;  2;  3;  202341837500;  20;  70;  x;  30;  0;  
197;  C:\Dati\SKYRA\test2\01070;  JUSAA;  H60;  2;  1;  126;  2;  2;  202342170000;  20;  40;  x;  30;  0;  
198;  C:\Dati\SKYRA\test2\00890;  JUSAA;  H61;  2;  1;  124;  1;  1;  201921502500;  20;  -15;  x;  30;  0;  
199;  C:\Dati\SKYRA\test2\00978;  JUSAA;  H61;  2;  1;  124;  1;  3;  201921837500;  20;  70;  x;  30;  0;  
200;  C:\Dati\SKYRA\test2\00934;  JUSAA;  H61;  2;  1;  124;  1;  2;  201922170000;  20;  40;  x;  30;  0;  
201;  C:\Dati\SKYRA\test2\01025;  JUSAA;  H61;  2;  1;  126;  2;  1;  202341502500;  20;  -15;  x;  30;  0;  
202;  C:\Dati\SKYRA\test2\01113;  JUSAA;  H61;  2;  1;  126;  2;  3;  202341837500;  20;  70;  x;  30;  0;  
203;  C:\Dati\SKYRA\test2\01069;  JUSAA;  H61;  2;  1;  126;  2;  2;  202342170000;  20;  40;  x;  30;  0;  
204;  C:\Dati\SKYRA\test2\00911;  JUSAA;  H62;  2;  1;  124;  1;  1;  201921502500;  20;  -15;  x;  30;  0;  
205;  C:\Dati\SKYRA\test2\00999;  JUSAA;  H62;  2;  1;  124;  1;  3;  201921837500;  20;  70;  x;  30;  0;  
206;  C:\Dati\SKYRA\test2\00955;  JUSAA;  H62;  2;  1;  124;  1;  2;  201922170000;  20;  40;  x;  30;  0;  
207;  C:\Dati\SKYRA\test2\01046;  JUSAA;  H62;  2;  1;  126;  2;  1;  202341502500;  20;  -15;  x;  30;  0;  
208;  C:\Dati\SKYRA\test2\01134;  JUSAA;  H62;  2;  1;  126;  2;  3;  202341837500;  20;  70;  x;  30;  0;  
209;  C:\Dati\SKYRA\test2\01090;  JUSAA;  H62;  2;  1;  126;  2;  2;  202342170000;  20;  40;  x;  30;  0;  
210;  C:\Dati\SKYRA\test2\00910;  JUSAA;  H63;  2;  1;  124;  1;  1;  201921502500;  20;  -15;  x;  30;  0;  
211;  C:\Dati\SKYRA\test2\00998;  JUSAA;  H63;  2;  1;  124;  1;  3;  201921837500;  20;  70;  x;  30;  0;  
212;  C:\Dati\SKYRA\test2\00954;  JUSAA;  H63;  2;  1;  124;  1;  2;  201922170000;  20;  40;  x;  30;  0;  
213;  C:\Dati\SKYRA\test2\01045;  JUSAA;  H63;  2;  1;  126;  2;  1;  202341502500;  20;  -15;  x;  30;  0;  
214;  C:\Dati\SKYRA\test2\01133;  JUSAA;  H63;  2;  1;  126;  2;  3;  202341837500;  20;  70;  x;  30;  0;  
215;  C:\Dati\SKYRA\test2\01089;  JUSAA;  H63;  2;  1;  126;  2;  2;  202342170000;  20;  40;  x;  30;  0;  
216;  C:\Dati\SKYRA\test2\00927;  JUSAA;  H64;  2;  1;  124;  1;  1;  201921502500;  20;  -15;  x;  30;  0;  
217;  C:\Dati\SKYRA\test2\01015;  JUSAA;  H64;  2;  1;  124;  1;  3;  201921837500;  20;  70;  x;  30;  0;  
218;  C:\Dati\SKYRA\test2\00971;  JUSAA;  H64;  2;  1;  124;  1;  2;  201922170000;  20;  40;  x;  30;  0;  
219;  C:\Dati\SKYRA\test2\01062;  JUSAA;  H64;  2;  1;  126;  2;  1;  202341502500;  20;  -15;  x;  30;  0;  
220;  C:\Dati\SKYRA\test2\01150;  JUSAA;  H64;  2;  1;  126;  2;  3;  202341837500;  20;  70;  x;  30;  0;  
221;  C:\Dati\SKYRA\test2\01106;  JUSAA;  H64;  2;  1;  126;  2;  2;  202342170000;  20;  40;  x;  30;  0;  
222;  C:\Dati\SKYRA\test2\00926;  JUSAA;  H65;  2;  1;  124;  1;  1;  201921502500;  20;  -15;  x;  30;  0;  
223;  C:\Dati\SKYRA\test2\01014;  JUSAA;  H65;  2;  1;  124;  1;  3;  201921837500;  20;  70;  x;  30;  0;  
224;  C:\Dati\SKYRA\test2\00970;  JUSAA;  H65;  2;  1;  124;  1;  2;  201922170000;  20;  40;  x;  30;  0;  
225;  C:\Dati\SKYRA\test2\01061;  JUSAA;  H65;  2;  1;  126;  2;  1;  202341502500;  20;  -15;  x;  30;  0;  
226;  C:\Dati\SKYRA\test2\01149;  JUSAA;  H65;  2;  1;  126;  2;  3;  202341837500;  20;  70;  x;  30;  0;  
227;  C:\Dati\SKYRA\test2\01105;  JUSAA;  H65;  2;  1;  126;  2;  2;  202342170000;  20;  40;  x;  30;  0;  
228;  C:\Dati\SKYRA\test2\00913;  JUSAA;  H66;  2;  1;  124;  1;  1;  201921502500;  20;  -15;  x;  30;  0;  
229;  C:\Dati\SKYRA\test2\01001;  JUSAA;  H66;  2;  1;  124;  1;  3;  201921837500;  20;  70;  x;  30;  0;  
230;  C:\Dati\SKYRA\test2\00957;  JUSAA;  H66;  2;  1;  124;  1;  2;  201922170000;  20;  40;  x;  30;  0;  
231;  C:\Dati\SKYRA\test2\01048;  JUSAA;  H66;  2;  1;  126;  2;  1;  202341502500;  20;  -15;  x;  30;  0;  
232;  C:\Dati\SKYRA\test2\01136;  JUSAA;  H66;  2;  1;  126;  2;  3;  202341837500;  20;  70;  x;  30;  0;  
233;  C:\Dati\SKYRA\test2\01092;  JUSAA;  H66;  2;  1;  126;  2;  2;  202342170000;  20;  40;  x;  30;  0;  
234;  C:\Dati\SKYRA\test2\00912;  JUSAA;  H67;  2;  1;  124;  1;  1;  201921502500;  20;  -15;  x;  30;  0;  
235;  C:\Dati\SKYRA\test2\01000;  JUSAA;  H67;  2;  1;  124;  1;  3;  201921837500;  20;  70;  x;  30;  0;  
236;  C:\Dati\SKYRA\test2\00956;  JUSAA;  H67;  2;  1;  124;  1;  2;  201922170000;  20;  40;  x;  30;  0;  
237;  C:\Dati\SKYRA\test2\01047;  JUSAA;  H67;  2;  1;  126;  2;  1;  202341502500;  20;  -15;  x;  30;  0;  
238;  C:\Dati\SKYRA\test2\01135;  JUSAA;  H67;  2;  1;  126;  2;  3;  202341837500;  20;  70;  x;  30;  0;  
239;  C:\Dati\SKYRA\test2\01091;  JUSAA;  H67;  2;  1;  126;  2;  2;  202342170000;  20;  40;  x;  30;  0;  
240;  C:\Dati\SKYRA\test2\00893;  JUSAA;  H68;  2;  1;  124;  1;  1;  201921502500;  20;  -15;  x;  30;  0;  
241;  C:\Dati\SKYRA\test2\00981;  JUSAA;  H68;  2;  1;  124;  1;  3;  201921837500;  20;  70;  x;  30;  0;  
242;  C:\Dati\SKYRA\test2\00937;  JUSAA;  H68;  2;  1;  124;  1;  2;  201922170000;  20;  40;  x;  30;  0;  
243;  C:\Dati\SKYRA\test2\01028;  JUSAA;  H68;  2;  1;  126;  2;  1;  202341502500;  20;  -15;  x;  30;  0;  
244;  C:\Dati\SKYRA\test2\01116;  JUSAA;  H68;  2;  1;  126;  2;  3;  202341837500;  20;  70;  x;  30;  0;  
245;  C:\Dati\SKYRA\test2\01072;  JUSAA;  H68;  2;  1;  126;  2;  2;  202342170000;  20;  40;  x;  30;  0;  
246;  C:\Dati\SKYRA\test2\00892;  JUSAA;  H69;  2;  1;  124;  1;  1;  201921502500;  20;  -15;  x;  30;  0;  
247;  C:\Dati\SKYRA\test2\00980;  JUSAA;  H69;  2;  1;  124;  1;  3;  201921837500;  20;  70;  x;  30;  0;  
248;  C:\Dati\SKYRA\test2\00936;  JUSAA;  H69;  2;  1;  124;  1;  2;  201922170000;  20;  40;  x;  30;  0;  
249;  C:\Dati\SKYRA\test2\01027;  JUSAA;  H69;  2;  1;  126;  2;  1;  202341502500;  20;  -15;  x;  30;  0;  
250;  C:\Dati\SKYRA\test2\01115;  JUSAA;  H69;  2;  1;  126;  2;  3;  202341837500;  20;  70;  x;  30;  0;  
251;  C:\Dati\SKYRA\test2\01071;  JUSAA;  H69;  2;  1;  126;  2;  2;  202342170000;  20;  40;  x;  30;  0;  
252;  C:\Dati\SKYRA\test2\00905;  JUSAA;  H70;  2;  1;  124;  1;  1;  201921502500;  20;  -15;  x;  30;  0;  
253;  C:\Dati\SKYRA\test2\00993;  JUSAA;  H70;  2;  1;  124;  1;  3;  201921837500;  20;  70;  x;  30;  0;  
254;  C:\Dati\SKYRA\test2\00949;  JUSAA;  H70;  2;  1;  124;  1;  2;  201922170000;  20;  40;  x;  30;  0;  
255;  C:\Dati\SKYRA\test2\01040;  JUSAA;  H70;  2;  1;  126;  2;  1;  202341502500;  20;  -15;  x;  30;  0;  
256;  C:\Dati\SKYRA\test2\01128;  JUSAA;  H70;  2;  1;  126;  2;  3;  202341837500;  20;  70;  x;  30;  0;  
257;  C:\Dati\SKYRA\test2\01084;  JUSAA;  H70;  2;  1;  126;  2;  2;  202342170000;  20;  40;  x;  30;  0;  
258;  C:\Dati\SKYRA\test2\00928;  JUSAA;  H71;  2;  1;  124;  1;  1;  201921502500;  20;  -15;  x;  30;  0;  
259;  C:\Dati\SKYRA\test2\01016;  JUSAA;  H71;  2;  1;  124;  1;  3;  201921837500;  20;  70;  x;  30;  0;  
260;  C:\Dati\SKYRA\test2\00972;  JUSAA;  H71;  2;  1;  124;  1;  2;  201922170000;  20;  40;  x;  30;  0;  
261;  C:\Dati\SKYRA\test2\01063;  JUSAA;  H71;  2;  1;  126;  2;  1;  202341502500;  20;  -15;  x;  30;  0;  
262;  C:\Dati\SKYRA\test2\01151;  JUSAA;  H71;  2;  1;  126;  2;  3;  202341837500;  20;  70;  x;  30;  0;  
263;  C:\Dati\SKYRA\test2\01107;  JUSAA;  H71;  2;  1;  126;  2;  2;  202342170000;  20;  40;  x;  30;  0;  
264;  C:\Dati\SKYRA\test2\01020;  JUSAA;  HC1-6;  2;  3;  125;  1;  1;  201921502500;  20;  -15;  x;  x;  0;  
265;  C:\Dati\SKYRA\test2\01022;  JUSAA;  HC1-6;  2;  3;  125;  1;  3;  201921837500;  20;  70;  x;  x;  0;  
266;  C:\Dati\SKYRA\test2\01021;  JUSAA;  HC1-6;  2;  3;  125;  1;  2;  201922170000;  20;  40;  x;  x;  0;  
267;  C:\Dati\SKYRA\test2\01155;  JUSAA;  HC1-6;  2;  3;  127;  2;  1;  202341502500;  20;  -15;  x;  x;  0;  
268;  C:\Dati\SKYRA\test2\01157;  JUSAA;  HC1-6;  2;  3;  127;  2;  3;  202341837500;  20;  70;  x;  x;  0;  
269;  C:\Dati\SKYRA\test2\01156;  JUSAA;  HC1-6;  2;  3;  127;  2;  2;  202342170000;  20;  40;  x;  x;  0;  
270;  C:\Dati\SKYRA\test2\01020;  JUSAA;  HC1-6;  2;  3;  125;  1;  1;  201921502500;  20;  -15;  x;  x;  0;  
271;  C:\Dati\SKYRA\test2\01022;  JUSAA;  HC1-6;  2;  3;  125;  1;  3;  201921837500;  20;  70;  x;  x;  0;  
272;  C:\Dati\SKYRA\test2\01021;  JUSAA;  HC1-6;  2;  3;  125;  1;  2;  201922170000;  20;  40;  x;  x;  0;  
273;  C:\Dati\SKYRA\test2\01155;  JUSAA;  HC1-6;  2;  3;  127;  2;  1;  202341502500;  20;  -15;  x;  x;  0;  
274;  C:\Dati\SKYRA\test2\01157;  JUSAA;  HC1-6;  2;  3;  127;  2;  3;  202341837500;  20;  70;  x;  x;  0;  
275;  C:\Dati\SKYRA\test2\01156;  JUSAA;  HC1-6;  2;  3;  127;  2;  2;  202342170000;  20;  40;  x;  x;  0;  
276;  C:\Dati\SKYRA\test2\01020;  JUSAA;  HC1-6;  2;  3;  125;  1;  1;  201921502500;  20;  -15;  x;  x;  0;  
277;  C:\Dati\SKYRA\test2\01022;  JUSAA;  HC1-6;  2;  3;  125;  1;  3;  201921837500;  20;  70;  x;  x;  0;  
278;  C:\Dati\SKYRA\test2\01021;  JUSAA;  HC1-6;  2;  3;  125;  1;  2;  201922170000;  20;  40;  x;  x;  0;  
279;  C:\Dati\SKYRA\test2\01155;  JUSAA;  HC1-6;  2;  3;  127;  2;  1;  202341502500;  20;  -15;  x;  x;  0;  
280;  C:\Dati\SKYRA\test2\01157;  JUSAA;  HC1-6;  2;  3;  127;  2;  3;  202341837500;  20;  70;  x;  x;  0;  
281;  C:\Dati\SKYRA\test2\01156;  JUSAA;  HC1-6;  2;  3;  127;  2;  2;  202342170000;  20;  40;  x;  x;  0;  
282;  C:\Dati\SKYRA\test2\00804;  KUSAA;  H50;  2;  2;  83;  1;  2;  185247455000;  20;  -95;  x;  30;  0;  
283;  C:\Dati\SKYRA\test2\00862;  KUSAA;  H50;  2;  2;  85;  2;  2;  185707455000;  20;  -95;  x;  30;  0;  
284;  C:\Dati\SKYRA\test2\00834;  KUSAA;  H50;  2;  2;  85;  2;  1;  185707955000;  20;  -200;  x;  30;  0;  
285;  C:\Dati\SKYRA\test2\00811;  KUSAA;  H51;  2;  2;  83;  1;  2;  185247455000;  20;  -95;  x;  30;  0;  
286;  C:\Dati\SKYRA\test2\00869;  KUSAA;  H51;  2;  2;  85;  2;  2;  185707455000;  20;  -95;  x;  30;  0;  
287;  C:\Dati\SKYRA\test2\00841;  KUSAA;  H51;  2;  2;  85;  2;  1;  185707955000;  20;  -200;  x;  30;  0;  
288;  C:\Dati\SKYRA\test2\00810;  KUSAA;  H52;  2;  2;  83;  1;  2;  185247455000;  20;  -95;  x;  30;  0;  
289;  C:\Dati\SKYRA\test2\00868;  KUSAA;  H52;  2;  2;  85;  2;  2;  185707455000;  20;  -95;  x;  30;  0;  
290;  C:\Dati\SKYRA\test2\00840;  KUSAA;  H52;  2;  2;  85;  2;  1;  185707955000;  20;  -200;  x;  30;  0;  
291;  C:\Dati\SKYRA\test2\00815;  KUSAA;  H53;  2;  2;  83;  1;  2;  185247455000;  20;  -95;  x;  30;  0;  
292;  C:\Dati\SKYRA\test2\00873;  KUSAA;  H53;  2;  2;  85;  2;  2;  185707455000;  20;  -95;  x;  30;  0;  
293;  C:\Dati\SKYRA\test2\00845;  KUSAA;  H53;  2;  2;  85;  2;  1;  185707955000;  20;  -200;  x;  30;  0;  
294;  C:\Dati\SKYRA\test2\00814;  KUSAA;  H54;  2;  2;  83;  1;  2;  185247455000;  20;  -95;  x;  30;  0;  
295;  C:\Dati\SKYRA\test2\00872;  KUSAA;  H54;  2;  2;  85;  2;  2;  185707455000;  20;  -95;  x;  30;  0;  
296;  C:\Dati\SKYRA\test2\00844;  KUSAA;  H54;  2;  2;  85;  2;  1;  185707955000;  20;  -200;  x;  30;  0;  
297;  C:\Dati\SKYRA\test2\00819;  KUSAA;  H55;  2;  2;  83;  1;  2;  185247455000;  20;  -95;  x;  30;  0;  
298;  C:\Dati\SKYRA\test2\00791;  KUSAA;  H55;  2;  2;  83;  1;  1;  185247955000;  20;  -200;  x;  30;  0;  
299;  C:\Dati\SKYRA\test2\00877;  KUSAA;  H55;  2;  2;  85;  2;  2;  185707455000;  20;  -95;  x;  30;  0;  
300;  C:\Dati\SKYRA\test2\00849;  KUSAA;  H55;  2;  2;  85;  2;  1;  185707955000;  20;  -200;  x;  30;  0;  
301;  C:\Dati\SKYRA\test2\00805;  KUSAA;  H70;  2;  2;  83;  1;  2;  185247455000;  20;  -95;  x;  30;  0;  
302;  C:\Dati\SKYRA\test2\00863;  KUSAA;  H70;  2;  2;  85;  2;  2;  185707455000;  20;  -95;  x;  30;  0;  
303;  C:\Dati\SKYRA\test2\00835;  KUSAA;  H70;  2;  2;  85;  2;  1;  185707955000;  20;  -200;  x;  30;  0;  
304;  C:\Dati\SKYRA\test2\00818;  KUSAA;  H71;  2;  2;  83;  1;  2;  185247455000;  20;  -95;  x;  30;  0;  
305;  C:\Dati\SKYRA\test2\00790;  KUSAA;  H71;  2;  2;  83;  1;  1;  185247955000;  20;  -200;  x;  30;  0;  
306;  C:\Dati\SKYRA\test2\00876;  KUSAA;  H71;  2;  2;  85;  2;  2;  185707455000;  20;  -95;  x;  30;  0;  
307;  C:\Dati\SKYRA\test2\00848;  KUSAA;  H71;  2;  2;  85;  2;  1;  185707955000;  20;  -200;  x;  30;  0;  
308;  C:\Dati\SKYRA\test2\00820;  KUSAA;  H80;  2;  2;  83;  1;  2;  185247455000;  20;  -95;  x;  30;  0;  
309;  C:\Dati\SKYRA\test2\00792;  KUSAA;  H80;  2;  2;  83;  1;  1;  185247955000;  20;  -200;  x;  30;  0;  
310;  C:\Dati\SKYRA\test2\00878;  KUSAA;  H80;  2;  2;  85;  2;  2;  185707455000;  20;  -95;  x;  30;  0;  
311;  C:\Dati\SKYRA\test2\00850;  KUSAA;  H80;  2;  2;  85;  2;  1;  185707955000;  20;  -200;  x;  30;  0;  
312;  C:\Dati\SKYRA\test2\00821;  KUSAA;  H81;  2;  2;  83;  1;  2;  185247455000;  20;  -95;  x;  30;  0;  
313;  C:\Dati\SKYRA\test2\00793;  KUSAA;  H81;  2;  2;  83;  1;  1;  185247955000;  20;  -200;  x;  30;  0;  
314;  C:\Dati\SKYRA\test2\00879;  KUSAA;  H81;  2;  2;  85;  2;  2;  185707455000;  20;  -95;  x;  30;  0;  
315;  C:\Dati\SKYRA\test2\00851;  KUSAA;  H81;  2;  2;  85;  2;  1;  185707955000;  20;  -200;  x;  30;  0;  
316;  C:\Dati\SKYRA\test2\00803;  KUSAA;  H82;  2;  2;  83;  1;  2;  185247455000;  20;  -95;  x;  30;  0;  
317;  C:\Dati\SKYRA\test2\00861;  KUSAA;  H82;  2;  2;  85;  2;  2;  185707455000;  20;  -95;  x;  30;  0;  
318;  C:\Dati\SKYRA\test2\00833;  KUSAA;  H82;  2;  2;  85;  2;  1;  185707955000;  20;  -200;  x;  30;  0;  
319;  C:\Dati\SKYRA\test2\00802;  KUSAA;  H83;  2;  2;  83;  1;  2;  185247455000;  20;  -95;  x;  30;  0;  
320;  C:\Dati\SKYRA\test2\00860;  KUSAA;  H83;  2;  2;  85;  2;  2;  185707455000;  20;  -95;  x;  30;  0;  
321;  C:\Dati\SKYRA\test2\00832;  KUSAA;  H83;  2;  2;  85;  2;  1;  185707955000;  20;  -200;  x;  30;  0;  
322;  C:\Dati\SKYRA\test2\00817;  KUSAA;  H84;  2;  2;  83;  1;  2;  185247455000;  20;  -95;  x;  30;  0;  
323;  C:\Dati\SKYRA\test2\00789;  KUSAA;  H84;  2;  2;  83;  1;  1;  185247955000;  20;  -200;  x;  30;  0;  
324;  C:\Dati\SKYRA\test2\00875;  KUSAA;  H84;  2;  2;  85;  2;  2;  185707455000;  20;  -95;  x;  30;  0;  
325;  C:\Dati\SKYRA\test2\00847;  KUSAA;  H84;  2;  2;  85;  2;  1;  185707955000;  20;  -200;  x;  30;  0;  
326;  C:\Dati\SKYRA\test2\00816;  KUSAA;  H85;  2;  2;  83;  1;  2;  185247455000;  20;  -95;  x;  30;  0;  
327;  C:\Dati\SKYRA\test2\00788;  KUSAA;  H85;  2;  2;  83;  1;  1;  185247955000;  20;  -200;  x;  30;  0;  
328;  C:\Dati\SKYRA\test2\00874;  KUSAA;  H85;  2;  2;  85;  2;  2;  185707455000;  20;  -95;  x;  30;  0;  
329;  C:\Dati\SKYRA\test2\00846;  KUSAA;  H85;  2;  2;  85;  2;  1;  185707955000;  20;  -200;  x;  30;  0;  
330;  C:\Dati\SKYRA\test2\00808;  KUSAA;  H86;  2;  2;  83;  1;  2;  185247455000;  20;  -95;  x;  30;  0;  
331;  C:\Dati\SKYRA\test2\00866;  KUSAA;  H86;  2;  2;  85;  2;  2;  185707455000;  20;  -95;  x;  30;  0;  
332;  C:\Dati\SKYRA\test2\00838;  KUSAA;  H86;  2;  2;  85;  2;  1;  185707955000;  20;  -200;  x;  30;  0;  
333;  C:\Dati\SKYRA\test2\00809;  KUSAA;  H87;  2;  2;  83;  1;  2;  185247455000;  20;  -95;  x;  30;  0;  
334;  C:\Dati\SKYRA\test2\00867;  KUSAA;  H87;  2;  2;  85;  2;  2;  185707455000;  20;  -95;  x;  30;  0;  
335;  C:\Dati\SKYRA\test2\00839;  KUSAA;  H87;  2;  2;  85;  2;  1;  185707955000;  20;  -200;  x;  30;  0;  
336;  C:\Dati\SKYRA\test2\00800;  KUSAA;  N10;  2;  1;  83;  1;  2;  185247455000;  20;  -95;  x;  30;  0;  
337;  C:\Dati\SKYRA\test2\00858;  KUSAA;  N10;  2;  1;  85;  2;  2;  185707455000;  20;  -95;  x;  30;  0;  
338;  C:\Dati\SKYRA\test2\00830;  KUSAA;  N10;  2;  1;  85;  2;  1;  185707955000;  20;  -200;  x;  30;  0;  
339;  C:\Dati\SKYRA\test2\00824;  KUSAA;  N11;  2;  1;  83;  1;  2;  185247455000;  20;  -95;  x;  30;  0;  
340;  C:\Dati\SKYRA\test2\00796;  KUSAA;  N11;  2;  1;  83;  1;  1;  185247955000;  20;  -200;  x;  30;  0;  
341;  C:\Dati\SKYRA\test2\00882;  KUSAA;  N11;  2;  1;  85;  2;  2;  185707455000;  20;  -95;  x;  30;  0;  
342;  C:\Dati\SKYRA\test2\00854;  KUSAA;  N11;  2;  1;  85;  2;  1;  185707955000;  20;  -200;  x;  30;  0;  
343;  C:\Dati\SKYRA\test2\00823;  KUSAA;  N12;  2;  1;  83;  1;  2;  185247455000;  20;  -95;  x;  30;  0;  
344;  C:\Dati\SKYRA\test2\00795;  KUSAA;  N12;  2;  1;  83;  1;  1;  185247955000;  20;  -200;  x;  30;  0;  
345;  C:\Dati\SKYRA\test2\00881;  KUSAA;  N12;  2;  1;  85;  2;  2;  185707455000;  20;  -95;  x;  30;  0;  
346;  C:\Dati\SKYRA\test2\00853;  KUSAA;  N12;  2;  1;  85;  2;  1;  185707955000;  20;  -200;  x;  30;  0;  
347;  C:\Dati\SKYRA\test2\00813;  KUSAA;  N20;  2;  1;  83;  1;  2;  185247455000;  20;  -95;  x;  30;  0;  
348;  C:\Dati\SKYRA\test2\00871;  KUSAA;  N20;  2;  1;  85;  2;  2;  185707455000;  20;  -95;  x;  30;  0;  
349;  C:\Dati\SKYRA\test2\00843;  KUSAA;  N20;  2;  1;  85;  2;  1;  185707955000;  20;  -200;  x;  30;  0;  
350;  C:\Dati\SKYRA\test2\00812;  KUSAA;  N21;  2;  1;  83;  1;  2;  185247455000;  20;  -95;  x;  30;  0;  
351;  C:\Dati\SKYRA\test2\00870;  KUSAA;  N21;  2;  1;  85;  2;  2;  185707455000;  20;  -95;  x;  30;  0;  
352;  C:\Dati\SKYRA\test2\00842;  KUSAA;  N21;  2;  1;  85;  2;  1;  185707955000;  20;  -200;  x;  30;  0;  
353;  C:\Dati\SKYRA\test2\00807;  KUSAA;  N22;  2;  1;  83;  1;  2;  185247455000;  20;  -95;  x;  30;  0;  
354;  C:\Dati\SKYRA\test2\00865;  KUSAA;  N22;  2;  1;  85;  2;  2;  185707455000;  20;  -95;  x;  30;  0;  
355;  C:\Dati\SKYRA\test2\00837;  KUSAA;  N22;  2;  1;  85;  2;  1;  185707955000;  20;  -200;  x;  30;  0;  
356;  C:\Dati\SKYRA\test2\00806;  KUSAA;  N23;  2;  1;  83;  1;  2;  185247455000;  20;  -95;  x;  30;  0;  
357;  C:\Dati\SKYRA\test2\00864;  KUSAA;  N23;  2;  1;  85;  2;  2;  185707455000;  20;  -95;  x;  30;  0;  
358;  C:\Dati\SKYRA\test2\00836;  KUSAA;  N23;  2;  1;  85;  2;  1;  185707955000;  20;  -200;  x;  30;  0;  
359;  C:\Dati\SKYRA\test2\00827;  KUSAA;  N24;  2;  1;  83;  1;  2;  185247455000;  20;  -95;  x;  30;  0;  
360;  C:\Dati\SKYRA\test2\00799;  KUSAA;  N24;  2;  1;  83;  1;  1;  185247955000;  20;  -200;  x;  30;  0;  
361;  C:\Dati\SKYRA\test2\00885;  KUSAA;  N24;  2;  1;  85;  2;  2;  185707455000;  20;  -95;  x;  30;  0;  
362;  C:\Dati\SKYRA\test2\00857;  KUSAA;  N24;  2;  1;  85;  2;  1;  185707955000;  20;  -200;  x;  30;  0;  
363;  C:\Dati\SKYRA\test2\00826;  KUSAA;  N25;  2;  1;  83;  1;  2;  185247455000;  20;  -95;  x;  30;  0;  
364;  C:\Dati\SKYRA\test2\00798;  KUSAA;  N25;  2;  1;  83;  1;  1;  185247955000;  20;  -200;  x;  30;  0;  
365;  C:\Dati\SKYRA\test2\00884;  KUSAA;  N25;  2;  1;  85;  2;  2;  185707455000;  20;  -95;  x;  30;  0;  
366;  C:\Dati\SKYRA\test2\00856;  KUSAA;  N25;  2;  1;  85;  2;  1;  185707955000;  20;  -200;  x;  30;  0;  
367;  C:\Dati\SKYRA\test2\00801;  KUSAA;  N30;  2;  1;  83;  1;  2;  185247455000;  20;  -95;  x;  30;  0;  
368;  C:\Dati\SKYRA\test2\00859;  KUSAA;  N30;  2;  1;  85;  2;  2;  185707455000;  20;  -95;  x;  30;  0;  
369;  C:\Dati\SKYRA\test2\00831;  KUSAA;  N30;  2;  1;  85;  2;  1;  185707955000;  20;  -200;  x;  30;  0;  
370;  C:\Dati\SKYRA\test2\00825;  KUSAA;  N31;  2;  1;  83;  1;  2;  185247455000;  20;  -95;  x;  30;  0;  
371;  C:\Dati\SKYRA\test2\00797;  KUSAA;  N31;  2;  1;  83;  1;  1;  185247955000;  20;  -200;  x;  30;  0;  
372;  C:\Dati\SKYRA\test2\00883;  KUSAA;  N31;  2;  1;  85;  2;  2;  185707455000;  20;  -95;  x;  30;  0;  
373;  C:\Dati\SKYRA\test2\00855;  KUSAA;  N31;  2;  1;  85;  2;  1;  185707955000;  20;  -200;  x;  30;  0;  
374;  C:\Dati\SKYRA\test2\00822;  KUSAA;  N32;  2;  1;  83;  1;  2;  185247455000;  20;  -95;  x;  30;  0;  
375;  C:\Dati\SKYRA\test2\00794;  KUSAA;  N32;  2;  1;  83;  1;  1;  185247955000;  20;  -200;  x;  30;  0;  
376;  C:\Dati\SKYRA\test2\00880;  KUSAA;  N32;  2;  1;  85;  2;  2;  185707455000;  20;  -95;  x;  30;  0;  
377;  C:\Dati\SKYRA\test2\00852;  KUSAA;  N32;  2;  1;  85;  2;  1;  185707955000;  20;  -200;  x;  30;  0;  
