1048.927215
1046.324367
1045.197257
1044.443829
1044.128481
1044.484705
1044.934448
1044.763449
1044.941632
1045.167722
1045.033947
1044.414557
1044.280185
1044.184448
1044.126582
1043.964794
1043.878258
1043.911392
1043.841439
1043.946519
1043.980711
1043.97756
1043.864612
1043.883439
1043.859241
1043.886806
1043.919597
1043.888336
1043.871672
1043.873418
1043.839833
1043.85532
1043.909283
1043.963142
1043.905606
1043.958158
1043.930551
1043.901732
1043.903197
1043.929193
1044.021843
1044.004822
1044.071092
1044.174266
1044.178833
1044.234796
1044.243334
1044.258834
1044.333635
1044.337278
1044.340035
1044.354613
1044.387449
1044.415729
1044.434292
1044.410093
1044.441872
1044.468518
1044.443843
1044.449156
1044.487861
1044.466568
1044.429024
1044.464893
1044.478578
1044.459724
1044.447194
1044.430101
1044.463309
1044.477848
1044.478784
1044.478859
1044.532946
1044.519329
1044.513671
1044.4746
1044.463793
1044.445026
1044.402099
1044.378362
1044.360017
1044.390591
1044.395798
1044.429852
1044.422375
1044.424492
1044.43038
1044.440701
1044.432904
1044.417089
1044.401342
1044.414351
1044.431162
1044.446607
1044.403831
1044.425303
1044.409924
1044.402415
1044.420055
1044.418766
1044.416938
1044.46367
1044.470075
1044.483569
1044.457143
1044.461757
1044.469419
1044.455638
1044.438683
1044.447699
1044.422996
1044.414274
1044.416685
1044.404536
1044.419923
1044.407
1044.386914
1044.380685
1044.390278
1044.392273
1044.390522
1044.384001
1044.393537
1044.384825
1044.380532
1044.369324
1044.368509
1044.375297
1044.349132
1044.354722
1044.359407
1044.352129
1044.327401
1044.339481
1044.351078
1044.350707
1044.32752
1044.319368
1044.330047
1044.335398
1044.350031
1044.35053
1044.354475
1044.361463
1044.366805
1044.351851
1044.349953
1044.364865
1044.360653
1044.348165
1044.36099
1044.359052
1044.354079
1044.344259
1044.342446
1044.341164
1044.370636
1044.384293
1044.38114
1044.377967
1044.374322
1044.375703
1044.391046
1044.402304
1044.410146
1044.418522
1044.428333
1044.433036
1044.421167
1044.405491
1044.409838
1044.419929
1044.409179
1044.406064
1044.425425
1044.425453
1044.439015
1044.447091
1044.452107
1044.457806
1044.478215
1044.478944
1044.512883
1044.497351
1044.519843
1044.521454
1044.51826
1044.509342
1044.506898
1044.509977
1044.506147
1044.503758
1044.502591
1044.502023
1044.518452
1044.520376
1044.510602
1044.510197
1044.501129
1044.50144
1044.499543
1044.491102
1044.498722
1044.49108
1044.483884
1044.478708
1044.482648
1044.483675
1044.496639
1044.486377
1044.50345
1044.504284
1044.498395
1044.50068
1044.490359
1044.481247
1044.496033
1044.491581
1044.496257
1044.491067
1044.500172
1044.495282
1044.49228
1044.507488
1044.511406
1044.516677
1044.498202
1044.50161
1044.505279
1044.523872
1044.529015
1044.537224
1044.540596
1044.543628
1044.540237
1044.542252
1044.540178
1044.543267
1044.546621
1044.534006
1044.532092
1044.528978
1044.52124
1044.525096
1044.538982
1044.547571
1044.551786
1044.547558
1044.545626
1044.531418
1044.526716
1044.524262
1044.51895
1044.52336
1044.512323
1044.513091
1044.514887
1044.513235
1044.514601
1044.51261
1044.510743
1044.505918
1044.498051
1044.489068
1044.49391
1044.505449
1044.500237
1044.498359
1044.505764
1044.501137
1044.498949
1044.513089
1044.508763
1044.498129
1044.497722
1044.509562
1044.508066
1044.522676