1048.927215
1043.721519
1042.943038
1042.183544
1042.867089
1046.265823
1047.632911
1043.566456
1046.367089
1047.202532
1043.696203
1037.601266
1042.667722
1042.939873
1043.316456
1041.537975
1042.493671
1044.474684
1042.582278
1045.943038
1044.664557
1043.911392
1041.379747
1044.316456
1043.278481
1044.575949
1044.772152
1043.044304
1043.405063
1043.924051
1042.832278
1044.335443
1045.636076
1045.740506
1041.949367
1045.797468
1042.936709
1042.835443
1043.958861
1044.943038
1047.727848
1043.306962
1046.85443
1048.610759
1044.379747
1046.753165
1044.636076
1044.987342
1047.924051
1044.515823
1044.477848
1045.098101
1046.094937
1045.914557
1045.436709
1043.079114
1046.221519
1045.987342
1043.012658
1044.762658
1046.810127
1043.167722
1042.101266
1046.724684
1045.35443
1043.234177
1043.620253
1043.28481
1046.721519
1045.481013
1044.544304
1044.484177
1048.427215
1043.525316
1044.094937
1041.544304
1043.642405
1043
1041.053797
1042.503165
1042.892405
1046.867089
1044.822785
1047.256329
1043.794304
1044.60443
1044.936709
1045.338608
1043.746835
1043.009494
1042.984177
1045.598101
1045.977848
1045.882911
1040.382911
1046.46519
1042.933544
1043.674051
1046.148734
1044.291139
1044.234177
1049.183544
1045.123418
1045.873418
1041.708861
1044.946203
1045.281646
1042.981013
1042.607595
1045.43038
1041.705696
1043.446203
1044.686709
1043.031646
1046.174051
1042.920886
1042.056962
1043.651899
1045.522152
1044.629747
1044.18038
1043.594937
1045.556962
1043.313291
1043.848101
1042.968354
1044.265823
1045.237342
1041
1045.075949
1044.968354
1043.398734
1041.063291
1045.946203
1045.905063
1044.300633
1041.174051
1043.202532
1045.803797
1045.079114
1046.398734
1044.420886
1044.914557
1045.360759
1045.136076
1042.183544
1044.072785
1046.556962
1043.737342
1042.487342
1046.28481
1044.066456
1043.598101
1042.841772
1044.063291
1044.142405
1048.968354
1046.528481
1043.882911
1043.873418
1043.791139
1044.598101
1046.876582
1046.237342
1045.696203
1045.800633
1046.056962
1045.218354
1042.427215
1041.756329
1045.148734
1046.14557
1042.560127
1043.867089
1047.794304
1044.43038
1046.825949
1045.876582
1045.344937
1045.477848
1048.151899
1044.610759
1050.689873
1041.655063
1048.658228
1044.81962
1043.924051
1042.841772
1044.047468
1045.091772
1043.778481
1044.047468
1044.278481
1044.392405
1047.705696
1044.89557
1042.594937
1044.43038
1042.705696
1044.563291
1044.120253
1042.794304
1046.037975
1042.939873
1043.015823
1043.417722
1045.294304
1044.696203
1047.193038
1042.341772
1048.088608
1044.68038
1043.25
1044.987342
1042.281646
1042.522152
1047.689873
1043.525316
1045.515823
1043.35443
1046.503165
1043.414557
1043.825949
1047.898734
1045.389241
1045.702532
1040.322785
1045.275316
1045.341772
1048.781646
1045.712025
1046.433544
1045.322785
1045.25
1043.746835
1045.015823
1044.050633
1045.275316
1045.344937
1041.518987
1044.072785
1043.778481
1042.648734
1045.462025
1047.927215
1046.651899
1045.588608
1043.503165
1044.066456
1040.993671
1043.351266
1043.908228
1043.18038
1045.639241
1041.708861
1044.708861
1044.974684
1044.088608
1044.867089
1043.996835
1044.025316
1043.246835
1042.436709
1042.126582
1045.772152
1047.563291
1043.113924
1043.996835
1046.490506
1043.256329
1043.908228
1048.344937
1043.332278
1041.594937
1044.386076
1047.765823
1044.094937
1048.56962