2169
2193
2164
2193
2197
2188
2184
2162
2184
2185
2166
2181
2165
2160
2165
2157
2156
2172
2163
2169
2149
2161
2156
2162
2142
2159
2173
2158
2175
2168
2155
2148
2160
2148
2155
2156
2164
2155
2141
2137
2119
2122
2096
2058
2044
1989
1964
1925
1861
1807
1744
1693
1630
1562
1520
1463
1437
1377
1389
1318
1319
1282
1305
1281
1270
1258
1291
1264
1284
1277
1294
1294
1337
1337
1366
1397
1453
1483
1547
1564
1639
1686
1746
1802
1866
1876
1954
1949
2005
2010
2042
2042
2064
2049
2073
2029
2055
2044
2065
2049
2058
2024
2037
2019
2047
2010
2033
1992
2023
1981
2027
1987
2023
1974
2017
1977
2016
1968
2003
1956
2011
1950
2000
1959
2013
1949
2003