1522.597323330966
1615.2470814098012
1512.9566761363637
1576.831376509233
1499.814286665483
1542.2630837180398
1482.9276788884943
1525.3156183416193
1475.7047784978693
1504.9585626775568
1452.8751331676137
1483.6147128018465
1433.9176136363637
1460.1811190518465
1420.861894087358
1447.2087957208807
1412.9291437322443
1421.8781627308238
1398.7914706143465
1406.2569025213068
1377.2327769886363
1390.5771040482955
1359.5702015269887
1371.8399436257102
1341.2404674183238
1357.1338223544035
1340.9228182705965
1344.0270885120738
1331.4021439985795
1341.2951327237215
1328.1815851384943
1331.3327414772727
1313.0673606178977
1318.2189386541193
1302.5615456321023
1309.1244118430398
1293.2978848544035
1303.1205499822443
1285.7816051136363
1284.3058971058238
1279.0583274147727
1282.8907581676137
1274.0134832208807
1282.7624178799715
1268.7840576171875
1268.3325306285512
1263.1152010830965
1265.476396040483
1261.607100053267
1266.8739901455965
1258.3245960582387
1256.663241299716
1251.824307528409
1256.778409090909
1250.5896107066762
1249.0097767223012
1240.8546808416193
1253.3743341619318
1248.1391379616477
1238.914961381392
1239.6891645951705
1246.725497159091
1242.1008522727273
1247.2092396129262
1231.8844881924715
1236.7865545099432
1236.5156028053977
1240.5685480291193
1238.2629838423295
1238.849931196733
1233.9442360617898
1233.0795232599432
1233.8347611860795
1238.972079190341
1232.8557350852273
1238.2814608487215
1233.4960604580965
1237.3247736150568
1239.583584872159
1237.0654962713068
1246.8109241832387
1252.3540593927557
1252.2737371271307
1254.3249733664773
1251.574296431108
1254.9521817294035
1247.1357754794035
1250.8463689630682
1253.0564963600852
1259.5641645951705
1265.923095703125
1269.037930575284
1264.254472212358
1270.5900213068182
1276.9444802024148
1272.5034623579545
1265.7653142755682
1254.327226118608
1225.7977516867898
1171.280106977983
1114.3174826882102
1044.3436501242898
962.2400512695312
872.741172096946
765.3761097301136
666.6310979669744
568.3442604758523
468.09025157581675
361.93538318980825
268.5184020996094
192.06512173739347
132.1417146162553
79.02463323419744
49.06203911521218
26.106887904080477
20.708074049516156
20.95030507174405
20.18995154987682
19.549618634310637
22.50246672196822
29.6468769420277
41.698077548633925
140.88556809858844
774.1705100319602
1432.3976717862215
1428.9061390269887
1452.7861217151988
1451.232344193892
1464.182295365767
1468.6344992897727
1485.942782315341
1491.1630415482955
1503.269120649858
1505.637528852983
1522.2881969105113
1530.921231356534
1539.2922585227273
1542.5136274857955
1554.2322221235795
1569.6875110973012
1581.6715087890625
1595.908280806108
1605.7314786044035
1617.458573774858
